procs -----------memory---------- ---swap-- -----io---- -system-- -------cpu------- -----timestamp-----
 r  b   swpd   free   buff  cache   si   so    bi    bo   in   cs us sy id wa st gu                 UTC
 1  0      0 2188120  47200 1019920    0    0   476   711  619    4  4  1 93  1  0  0 2026-09-21 16:01:53
 0  0      0 2190092  47200 1019888    0    0     0     0  604  790  4  1 96  0  0  0 2026-09-21 16:01:54
 0  0      0 2190092  47200 1019892    0    0     0     0  354  516  2  0 98  0  0  0 2026-09-21 16:01:55
 0  0      0 2190092  47200 1019892    0    0     0     0  461  617  3  1 96  0  0  0 2026-09-21 16:01:56
 0  0      0 2190092  47200 1019892    0    0     0     0  448  607  4  0 96  0  0  0 2026-09-21 16:01:57
 0  0      0 2190092  47200 1019892    0    0     0     0  475  628  4  1 96  0  0  0 2026-09-21 16:01:58
 0  0      0 2190092  47200 1019896    0    0     0    20  453  614  3  1 96  0  0  0 2026-09-21 16:01:59
 0  0      0 2190092  47200 1019896    0    0     0     0  463  605  4  1 96  0  0  0 2026-09-21 16:02:00
 0  0      0 2190968  47200 1019896    0    0     0     0  525  680  4  1 96  0  0  0 2026-09-21 16:02:01
 0  0      0 2190968  47200 1019896    0    0     0     0  435  613  3  1 96  0  0  0 2026-09-21 16:02:02
 0  0      0 2190968  47200 1019896    0    0     0     0  364  520  2  0 98  0  0  0 2026-09-21 16:02:03
 0  0      0 2190968  47200 1019896    0    0     0     0  469  636  3  1 96  0  0  0 2026-09-21 16:02:04
 0  0      0 2193268  47200 1019896    0    0     0  3760  484  618  4  1 96  0  0  0 2026-09-21 16:02:05
 0  0      0 2193268  47200 1019900    0    0     0     0  473  631  3  1 96  0  0  0 2026-09-21 16:02:06
 0  0      0 2193268  47200 1019904    0    0     0     0  462  621  3  1 96  0  0  0 2026-09-21 16:02:07
 0  0      0 2193268  47200 1019904    0    0     0     0  471  623  4  1 96  0  0  0 2026-09-21 16:02:08
 0  0      0 2193268  47200 1019904    0    0     0     0  499  660  3  1 96  0  0  0 2026-09-21 16:02:09
 1  0      0 2193268  47200 1019904    0    0     0     0  426  562  3  1 97  0  0  0 2026-09-21 16:02:10
 0  0      0 2193268  47200 1019904    0    0     0     0  426  599  2  1 97  0  0  0 2026-09-21 16:02:11
 1  0      0 2193268  47200 1019904    0    0     0     0  496  649  3  1 96  0  0  0 2026-09-21 16:02:12
 1  0      0 2193268  47200 1019904    0    0     0     0  445  607  4  1 96  0  0  0 2026-09-21 16:02:13
procs -----------memory---------- ---swap-- -----io---- -system-- -------cpu------- -----timestamp-----
 r  b   swpd   free   buff  cache   si   so    bi    bo   in   cs us sy id wa st gu                 UTC
 1  0      0 2193268  47200 1019904    0    0     0     0  464  634  4  1 96  0  0  0 2026-09-21 16:02:14
 1  0      0 2193268  47200 1019908    0    0     0     0  466  604  3  1 96  0  0  0 2026-09-21 16:02:15
 1  0      0 2193268  47200 1019912    0    0     0     0  453  613  3  1 96  0  0  0 2026-09-21 16:02:16
 1  0      0 2193268  47200 1019916    0    0     0     0  460  606  3  1 96  0  0  0 2026-09-21 16:02:17
 1  0      0 2193268  47208 1019908    0    0     0   136  355  520  2  1 98  0  0  0 2026-09-21 16:02:18
 1  0      0 2193268  47208 1019916    0    0     0  8440  531  712  4  1 95  1  0  0 2026-09-21 16:02:19
 1  0      0 2193268  47208 1019916    0    0     0     0  452  619  4  1 96  0  0  0 2026-09-21 16:02:20
 1  0      0 2193268  47208 1019916    0    0     0     0  444  605  3  1 96  0  0  0 2026-09-21 16:02:21
 1  0      0 2193016  47208 1019916    0    0     0     0  447  614  4  1 96  0  0  0 2026-09-21 16:02:22
 1  0      0 2193016  47208 1019916    0    0     0     0  473  625  3  1 96  0  0  0 2026-09-21 16:02:23
 1  0      0 2192260  47208 1019916    0    0     0     4  465  629  3  1 96  0  0  0 2026-09-21 16:02:24
 1  0      0 2192260  47208 1019920    0    0     0    12  466  620  4  1 96  0  0  0 2026-09-21 16:02:25
 1  0      0 2192260  47208 1019920    0    0     0     0  350  504  2  1 98  0  0  0 2026-09-21 16:02:26
 1  0      0 2192260  47208 1019920    0    0     0     0  449  607  3  1 96  0  0  0 2026-09-21 16:02:27
 0  0      0 2190260  47208 1019924    0    0     0     0  455  628  3  1 96  0  0  0 2026-09-21 16:02:28
 0  0      0 2190244  47208 1019928    0    0     0     0  476  624  3  1 96  0  0  0 2026-09-21 16:02:29
 0  0      0 2190244  47208 1019928    0    0     0     0  455  605  3  1 96  0  0  0 2026-09-21 16:02:30
 0  0      0 2190244  47208 1019928    0    0     0     0  447  601  4  1 96  0  0  0 2026-09-21 16:02:31
 0  0      0 2190044  47208 1019928    0    0     0     0  464  619  4  1 96  0  0  0 2026-09-21 16:02:32
 2  0      0 2189992  47208 1019932    0    0     0     0  419  558  3  1 96  0  0  0 2026-09-21 16:02:33
 0  0      0 2189992  47208 1019932    0    0     0    16  409  578  2  1 98  0  0  0 2026-09-21 16:02:34
procs -----------memory---------- ---swap-- -----io---- -system-- -------cpu------- -----timestamp-----
 r  b   swpd   free   buff  cache   si   so    bi    bo   in   cs us sy id wa st gu                 UTC
 0  0      0 2189992  47208 1019932    0    0     0  3556  481  622  3  1 96  0  0  0 2026-09-21 16:02:35
 0  0      0 2189992  47208 1019932    0    0     0     0  475  630  3  1 96  0  0  0 2026-09-21 16:02:36
 0  0      0 2191668  47208 1019936    0    0     0     0  447  607  4  1 96  0  0  0 2026-09-21 16:02:37
 0  0      0 2191668  47208 1019936    0    0     0     0  465  617  3  1 96  0  0  0 2026-09-21 16:02:38
 0  0      0 2191668  47208 1019940    0    0     0     0  461  623  3  1 96  0  0  0 2026-09-21 16:02:39
 0  0      0 2190740  47208 1019940    0    0     0     0  440  611  3  1 96  0  0  0 2026-09-21 16:02:40
 1  0      0 2190688  47208 1019944    0    0     0     0  355  515  2  1 98  0  0  0 2026-09-21 16:02:41
 0  0      0 2190688  47208 1019944    0    0     0     0  444  595  3  1 96  0  0  0 2026-09-21 16:02:42
 0  0      0 2190688  47208 1019944    0    0     0     0  458  609  3  1 96  0  0  0 2026-09-21 16:02:43
 0  0      0 2190688  47208 1019944    0    0     0     0  454  637  4  1 96  0  0  0 2026-09-21 16:02:44
 0  0      0 2190688  47208 1019944    0    0     0     0  461  611  3  1 96  0  0  0 2026-09-21 16:02:45
 0  0      0 2190688  47208 1019944    0    0     0     0  461  612  4  1 96  0  0  0 2026-09-21 16:02:46
 0  0      0 2190688  47208 1019944    0    0     0     0  456  609  4  1 96  0  0  0 2026-09-21 16:02:47
 0  0      0 2190688  47216 1019936    0    0     0    56  454  628  3  1 96  0  0  0 2026-09-21 16:02:48
 0  0      0 2190688  47216 1019944    0    0     0    16  362  513  2  0 98  0  0  0 2026-09-21 16:02:49
 0  0      0 2190688  47216 1019948    0    0     0     0  480  636  3  1 96  0  0  0 2026-09-21 16:02:50
 0  0      0 2190688  47216 1019952    0    0     0     0  450  612  3  1 96  0  0  0 2026-09-21 16:02:51
 0  0      0 2190688  47216 1019952    0    0     0     0  453  612  4  1 96  0  0  0 2026-09-21 16:02:52
 0  0      0 2190688  47216 1019952    0    0     0     0  453  597  3  1 96  0  0  0 2026-09-21 16:02:53
 0  0      0 2190688  47216 1019952    0    0     0     0  471  636  3  1 96  0  0  0 2026-09-21 16:02:54
 0  0      0 2190688  47216 1019952    0    0     0     0  451  612  4  1 96  0  0  0 2026-09-21 16:02:55
procs -----------memory---------- ---swap-- -----io---- -system-- -------cpu------- -----timestamp-----
 r  b   swpd   free   buff  cache   si   so    bi    bo   in   cs us sy id wa st gu                 UTC
 1  0      0 2190688  47216 1019952    0    0     0    16  425  571  3  1 96  0  0  0 2026-09-21 16:02:56
 0  0      0 2190688  47216 1019952    0    0     0     0  390  546  2  1 98  0  0  0 2026-09-21 16:02:57
 0  0      0 2192860  47216 1019956    0    0     0     0  466  620  3  1 96  0  0  0 2026-09-21 16:02:58
 0  0      0 2194612  47216 1019960    0    0     0     0  446  604  4  1 96  0  0  0 2026-09-21 16:02:59
 0  0      0 2196448  47216 1019960    0    0     0     0  462  630  3  1 96  0  0  0 2026-09-21 16:03:00
 0  0      0 2196448  47216 1019964    0    0     0     0  554  680  4  1 96  0  0  0 2026-09-21 16:03:01
