procs -----------memory---------- ---swap-- -----io---- -system-- -------cpu------- -----timestamp-----
 r  b   swpd   free   buff  cache   si   so    bi    bo   in   cs us sy id wa st gu                 UTC
 1  0      0 1114308  83584 2056416    0    0   571  1874  930    6  9  2 86  2  0  0 2026-09-21 16:01:53
 0  0      0 1115260  83584 2056376    0    0     0     0  599  784  4  1 96  0  0  0 2026-09-21 16:01:54
 0  0      0 1115260  83584 2056380    0    0     0     0  455  614  3  1 96  0  0  0 2026-09-21 16:01:55
 0  0      0 1115260  83584 2056380    0    0     0     0  364  518  2  0 98  0  0  0 2026-09-21 16:01:56
 0  0      0 1115260  83584 2056380    0    0     0     0  478  629  3  1 96  0  0  0 2026-09-21 16:01:57
 0  0      0 1115260  83584 2056380    0    0     0     0  487  635  4  1 96  0  0  0 2026-09-21 16:01:58
 0  0      0 1115260  83584 2056380    0    0     0     0  450  601  3  1 96  0  0  0 2026-09-21 16:01:59
 0  0      0 1115260  83584 2056384    0    0     0     0  454  604  3  1 96  0  0  0 2026-09-21 16:02:00
 0  0      0 1123260  83584 2056384    0    0     0     0  462  632  3  1 96  0  0  0 2026-09-21 16:02:01
 0  0      0 1123072  83584 2056384    0    0     0     0  496  655  4  1 96  0  0  0 2026-09-21 16:02:02
 0  0      0 1125112  83584 2056384    0    0     0     0  458  620  3  1 96  0  0  0 2026-09-21 16:02:03
 0  0      0 1123604  83584 2056388    0    0     0  4064  381  539  2  1 98  1  0  0 2026-09-21 16:02:04
 0  0      0 1123604  83584 2056388    0    0     0     0  457  609  3  1 96  0  0  0 2026-09-21 16:02:05
 0  0      0 1123604  83584 2056388    0    0     0     0  458  626  4  0 96  0  0  0 2026-09-21 16:02:06
 0  0      0 1123604  83584 2056388    0    0     0     0  446  599  3  1 96  0  0  0 2026-09-21 16:02:07
 0  0      0 1123604  83584 2056388    0    0     0    20  488  640  4  1 96  0  0  0 2026-09-21 16:02:08
 1  0      0 1123604  83584 2056388    0    0     0     0  448  608  3  1 96  0  0  0 2026-09-21 16:02:09
 1  0      0 1123604  83584 2056392    0    0     0     0  464  630  3  1 96  0  0  0 2026-09-21 16:02:10
 2  0      0 1123604  83584 2056392    0    0     0     0  419  566  4  1 96  0  0  0 2026-09-21 16:02:11
 1  0      0 1123604  83584 2056392    0    0     0     0  384  525  2  0 98  0  0  0 2026-09-21 16:02:12
 1  0      0 1123072  83584 2056396    0    0     0    20  461  619  4  1 96  0  0  0 2026-09-21 16:02:13
procs -----------memory---------- ---swap-- -----io---- -system-- -------cpu------- -----timestamp-----
 r  b   swpd   free   buff  cache   si   so    bi    bo   in   cs us sy id wa st gu                 UTC
 1  0      0 1123072  83584 2056396    0    0     0     0  486  636  3  1 96  0  0  0 2026-09-21 16:02:14
 1  0      0 1123072  83584 2056396    0    0     0     0  449  597  4  1 96  0  0  0 2026-09-21 16:02:15
 1  0      0 1123072  83584 2056464    0    0     0     0  464  607  4  1 96  0  0  0 2026-09-21 16:02:16
 1  0      0 1123072  83584 2056464    0    0     0     0  465  609  3  1 96  0  0  0 2026-09-21 16:02:17
 1  0      0 1123072  83588 2056464    0    0     0   252  501  652  4  1 96  1  0  0 2026-09-21 16:02:18
 2  0      0 1123072  83588 2056464    0    0     0  8364  453  614  3  1 96  1  0  0 2026-09-21 16:02:19
 0  0      0 1123072  83588 2056464    0    0     0     0  415  574  3  1 97  0  0  0 2026-09-21 16:02:20
 0  0      0 1123072  83588 2056472    0    0     0     0  466  604  3  1 96  0  0  0 2026-09-21 16:02:21
 0  0      0 1123072  83588 2056472    0    0     0    20  482  625  3  1 96  0  0  0 2026-09-21 16:02:22
 0  0      0 1123072  83588 2056472    0    0     0     0  458  605  4  1 96  0  0  0 2026-09-21 16:02:23
 0  0      0 1123072  83588 2056472    0    0     0     0  479  631  3  1 96  0  0  0 2026-09-21 16:02:24
 0  0      0 1123072  83588 2056472    0    0     0    12  460  610  4  1 96  0  0  0 2026-09-21 16:02:25
 0  0      0 1123072  83588 2056472    0    0     0     0  471  622  3  1 96  0  0  0 2026-09-21 16:02:26
 2  0      0 1123072  83588 2056472    0    0     0     0  351  525  2  1 98  0  0  0 2026-09-21 16:02:27
 0  0      0 1123072  83588 2056476    0    0     0     0  446  598  3  0 97  0  0  0 2026-09-21 16:02:28
 0  0      0 1123072  83588 2056480    0    0     0     0  461  606  3  1 96  0  0  0 2026-09-21 16:02:29
 0  0      0 1123072  83588 2056480    0    0     0     0  473  636  4  1 96  0  0  0 2026-09-21 16:02:30
 0  0      0 1123072  83588 2056480    0    0     0     0  453  595  3  1 96  0  0  0 2026-09-21 16:02:31
 0  0      0 1123072  83588 2056484    0    0     0     0  471  624  4  1 96  0  0  0 2026-09-21 16:02:32
 0  0      0 1123072  83588 2056484    0    0     0     0  473  631  4  0 96  0  0  0 2026-09-21 16:02:33
 0  0      0 1123072  83588 2056484    0    0     0     0  470  620  3  1 96  0  0  0 2026-09-21 16:02:34
procs -----------memory---------- ---swap-- -----io---- -system-- -------cpu------- -----timestamp-----
 r  b   swpd   free   buff  cache   si   so    bi    bo   in   cs us sy id wa st gu                 UTC
 0  0      0 1123072  83588 2056484    0    0     0  3368  371  525  1  0 98  0  0  0 2026-09-21 16:02:35
 0  0      0 1123072  83588 2056484    0    0     0     0  465  624  3  1 96  0  0  0 2026-09-21 16:02:36
 0  0      0 1123072  83588 2056484    0    0     0     0  447  604  4  1 96  0  0  0 2026-09-21 16:02:37
 0  0      0 1123072  83588 2056492    0    0     0    16  457  615  3  1 96  0  0  0 2026-09-21 16:02:38
 0  0      0 1123072  83588 2056492    0    0     0     0  470  610  3  1 96  0  0  0 2026-09-21 16:02:39
 0  0      0 1123072  83588 2056492    0    0     0     0  469  620  3  1 96  0  0  0 2026-09-21 16:02:40
 0  0      0 1123072  83588 2056492    0    0     0     0  457  611  4  1 96  0  0  0 2026-09-21 16:02:41
 0  0      0 1123072  83588 2056492    0    0     0     0  472  620  4  1 96  0  0  0 2026-09-21 16:02:42
 0  0      0 1123072  83588 2056492    0    0     0     0  342  505  2  1 98  0  0  0 2026-09-21 16:02:43
 0  0      0 1123072  83588 2056496    0    0     0     0  443  600  3  1 96  0  0  0 2026-09-21 16:02:44
 0  0      0 1123072  83588 2056496    0    0     0    16  470  605  3  1 96  0  0  0 2026-09-21 16:02:45
 0  0      0 1123072  83588 2056500    0    0     0     0  481  619  4  1 96  0  0  0 2026-09-21 16:02:46
 0  0      0 1122868  83588 2056500    0    0     0     0  451  604  4  1 96  0  0  0 2026-09-21 16:02:47
 0  0      0 1122820  83592 2056500    0    0     0    72  484  638  3  1 96  0  0  0 2026-09-21 16:02:48
 0  0      0 1122820  83592 2056500    0    0     0     0  515  656  3  1 96  0  0  0 2026-09-21 16:02:49
 0  0      0 1122820  83592 2056500    0    0     0     0  515  659  3  1 96  0  0  0 2026-09-21 16:02:50
 0  0      0 1122820  83592 2056500    0    0     0     0  352  508  2  1 98  0  0  0 2026-09-21 16:02:51
 0  0      0 1122820  83592 2056500    0    0     0     0  438  610  3  1 96  0  0  0 2026-09-21 16:02:52
 0  0      0 1122820  83592 2056500    0    0     0     0  490  638  4  1 96  0  0  0 2026-09-21 16:02:53
 0  0      0 1122820  83592 2056500    0    0     0     0  491  631  3  1 96  0  0  0 2026-09-21 16:02:54
 0  0      0 1122820  83592 2056508    0    0     0     0  456  616  4  1 96  0  0  0 2026-09-21 16:02:55
procs -----------memory---------- ---swap-- -----io---- -system-- -------cpu------- -----timestamp-----
 r  b   swpd   free   buff  cache   si   so    bi    bo   in   cs us sy id wa st gu                 UTC
 0  0      0 1122820  83592 2056508    0    0     0    16  456  615  3  1 96  0  0  0 2026-09-21 16:02:56
 0  0      0 1122820  83592 2056508    0    0     0     0  476  627  3  1 96  0  0  0 2026-09-21 16:02:57
 1  0      0 1122820  83592 2056508    0    0     0     0  430  571  3  1 96  0  0  0 2026-09-21 16:02:58
 0  0      0 1122820  83592 2056636    0    0     0     0  385  558  2  1 98  0  0  0 2026-09-21 16:02:59
 0  0      0 1122820  83592 2056640    0    0     0     0  460  623  4  1 96  0  0  0 2026-09-21 16:03:00
 0  0      0 1122820  83592 2056640    0    0     0     0  459  611  4  1 96  0  0  0 2026-09-21 16:03:01
