+-------+--------+-------------------------------+-------+-------+-------+-------+-------+-----+-----+-----+-----+
| COUNT | METHOD |              URI              |  MIN  |  AVG  |  MAX  |  SUM  |  P99  | 2XX | 3XX | 4XX | 5XX |
+-------+--------+-------------------------------+-------+-------+-------+-------+-------+-----+-----+-----+-----+
| 1     | POST   | /api/initialize               | 1.644 | 1.644 | 1.644 | 1.644 | 1.644 | 0   | 0   | 0   | 1   |
| 6     | GET    | /api/internal/matching        | 0.001 | 0.001 | 0.002 | 0.007 | 0.002 | 6   | 0   | 0   | 0   |
| 1     | GET    | /api/app/nearby-chairs        | 0.001 | 0.001 | 0.001 | 0.001 | 0.001 | 0   | 0   | 1   | 0   |
| 1     | GET    | ^/client.*                    | 0.000 | 0.000 | 0.000 | 0.000 | 0.000 | 1   | 0   | 0   | 0   |
| 1     | GET    | /index.html                   | 0.000 | 0.000 | 0.000 | 0.000 | 0.000 | 1   | 0   | 0   | 0   |
| 45    | GET    | ^/assets/.+                   | 0.000 | 0.000 | 0.000 | 0.000 | 0.000 | 45  | 0   | 0   | 0   |
| 11    | GET    | ^/images/.+                   | 0.000 | 0.000 | 0.000 | 0.000 | 0.000 | 11  | 0   | 0   | 0   |
| 1     | GET    | /favicon.ico                  | 0.000 | 0.000 | 0.000 | 0.000 | 0.000 | 1   | 0   | 0   | 0   |
| 1     | GET    | /favicon-32x32.png            | 0.000 | 0.000 | 0.000 | 0.000 | 0.000 | 1   | 0   | 0   | 0   |
| 1     | GET    | /favicon-128x128.png          | 0.000 | 0.000 | 0.000 | 0.000 | 0.000 | 1   | 0   | 0   | 0   |
| 1     | GET    | /apple-touch-icon-180x180.png | 0.000 | 0.000 | 0.000 | 0.000 | 0.000 | 1   | 0   | 0   | 0   |
| 1     | GET    | ^/owner.*                     | 0.000 | 0.000 | 0.000 | 0.000 | 0.000 | 1   | 0   | 0   | 0   |
+-------+--------+-------------------------------+-------+-------+-------+-------+-------+-----+-----+-----+-----+
