procs -----------memory---------- ---swap-- -----io---- -system-- -------cpu------- -----timestamp-----
 r  b   swpd   free   buff  cache   si   so    bi    bo   in   cs us sy id wa st gu                 UTC
 1  0      0 1172980 103144 1307592    0    0    66  3521 6105   32 25  5 69  2  0  0 2026-09-21 18:27:21
 0  1      0 1268584 103144 1209660    0    0     0  4868 2605 4795  4  2 79 16  0  0 2026-09-21 18:27:22
 0  1      0 1268620 103144 1212396    0    0     0 30324 4800 9568 18  3 46 34  0  0 2026-09-21 18:27:23
 9  0      0 1270224 103144 1223860    0    0     0 19732 3861 5851 15  2 66 16  0  0 2026-09-21 18:27:24
 0  0      0 1270224 103144 1223892    0    0     0 15420 2392 3019  2  1 92  6  0  0 2026-09-21 18:27:25
 0  0      0 1270224 103144 1224068    0    0     0  2048 2601 4050  2  1 94  3  0  0 2026-09-21 18:27:26
 0  0      0 1270224 103144 1224076    0    0     0  2108 3098 4621  4  2 92  3  0  0 2026-09-21 18:27:27
 0  0      0 1270224 103144 1224528    0    0     0  2304 3917 5744  4  1 91  5  0  0 2026-09-21 18:27:28
 0  0      0 1270224 103144 1224744    0    0     0  2308 4206 5914  5  2 90  4  0  0 2026-09-21 18:27:29
 0  0      0 1269200 103144 1226248    0    0     0  3452 4697 6447  6  2 88  4  0  0 2026-09-21 18:27:30
 0  0      0 1269200 103144 1226780    0    0     0  2496 6539 8390  8  3 85  4  0  0 2026-09-21 18:27:31
 0  0      0 1269200 103144 1227476    0    0     0  2764 7190 9045 10  3 83  4  0  0 2026-09-21 18:27:32
 0  0      0 1269200 103144 1228220    0    0     0  2964 8343 10078 13  4 79  5  0  0 2026-09-21 18:27:33
 0  0      0 1269200 103144 1229304    0    0     0  2928 9098 10565 14  5 77  4  0  0 2026-09-21 18:27:34
 1  0      0 1269200 103144 1230548    0    0     0  5500 11593 13710 21  6 67  7  0  0 2026-09-21 18:27:35
 5  0      0 1269200 103144 1232416    0    0     0  7284 13402 16926 25  9 58  8  0  0 2026-09-21 18:27:36
 1  0      0 1268976 103144 1234120    0    0     0  6456 14732 17670 28  8 58  6  0  0 2026-09-21 18:27:37
 1  0      0 1260308 103144 1244512    0    0     0 16888 16437 20566 33 10 46 11  0  0 2026-09-21 18:27:38
 8  1      0 1252116 103144 1255016    0    0     0 13292 18548 21016 43 12 39  6  0  0 2026-09-21 18:27:39
 4  0      0 1249044 103144 1260588    0    0     0 10200 18184 21397 43 13 38  6  0  0 2026-09-21 18:27:40
 2  0      0 1246996 103144 1264680    0    0     0  8364 19626 24293 67 13 18  3  0  0 2026-09-21 18:27:41
procs -----------memory---------- ---swap-- -----io---- -system-- -------cpu------- -----timestamp-----
 r  b   swpd   free   buff  cache   si   so    bi    bo   in   cs us sy id wa st gu                 UTC
 3  0      0 1246756 103144 1267072    0    0     0  7192 20643 26524 71 14 14  2  0  0 2026-09-21 18:27:42
 2  0      0 1236336 103144 1278856    0    0     0 17852 21278 27300 72 15 10  3  0  0 2026-09-21 18:27:43
13  0      0 1235328 103144 1281036    0    0     0  6632 19696 22941 60 13 21  7  0  0 2026-09-21 18:27:44
 1  0      0 1231308 103144 1284636    0    0     0  9060 22984 26036 75 15  7  3  0  0 2026-09-21 18:27:45
 8  0      0 1226036 103144 1289912    0    0     0 12000 16422 20111 47 13 34  6  0  0 2026-09-21 18:27:46
 0  0      0 1222292 103144 1293732    0    0     0  9668 18093 22363 55 12 27  7  0  0 2026-09-21 18:27:47
24  0      0 1206780 103144 1305236    0    0     0 18404 17218 17122 59 13 25  3  0  0 2026-09-21 18:27:48
 4  1      0 1204200 103144 1307928    0    0     0 19068 18181 21107 59 15 20  5  0  0 2026-09-21 18:27:49
 0  0      0 1198624 103144 1313172    0    0     0 40956 17372 20600 58 14 26  3  0  0 2026-09-21 18:27:50
 2  0      0 1195832 103144 1316444    0    0     0  9724 14811 16535 46 11 36  7  0  0 2026-09-21 18:27:51
 4  0      0 1193076 103144 1318856    0    0     0  9628 15260 16106 55 12 26  8  0  0 2026-09-21 18:27:52
17  0      0 1191368 103144 1320996    0    0     0  9548 14981 15797 47 11 35  8  0  0 2026-09-21 18:27:53
 3  0      0 1186744 103144 1325564    0    0     0 11352 17808 18235 61 14 18  6  0  0 2026-09-21 18:27:54
 0  0      0 1183464 103144 1328720    0    0     0 10536 15509 17215 51 11 28 11  0  0 2026-09-21 18:27:55
 0  0      0 1180260 103144 1331864    0    0     0 10416 16382 17358 47 12 38  4  0  0 2026-09-21 18:27:56
 0  0      0 1178672 103144 1333716    0    0     0  9312 12943 13773 38 10 45  7  0  0 2026-09-21 18:27:57
61  0      0 1176664 103144 1335744    0    0     0  9048 14501 15384 52 11 32  6  0  0 2026-09-21 18:27:58
 9  0      0 1171080 103144 1340984    0    0     0 12424 16478 17012 56 11 28  5  0  0 2026-09-21 18:27:59
10  0      0 1169316 103144 1343068    0    0     0  8260 14334 16085 48 11 30 11  0  0 2026-09-21 18:28:00
 2  0      0 1165560 103144 1347132    0    0     0 10096 13999 15021 42 12 37  8  0  0 2026-09-21 18:28:01
 1  0      0 1162788 103144 1348904    0    0     0  9056 13536 14525 39 10 39 12  0  0 2026-09-21 18:28:02
procs -----------memory---------- ---swap-- -----io---- -system-- -------cpu------- -----timestamp-----
 r  b   swpd   free   buff  cache   si   so    bi    bo   in   cs us sy id wa st gu                 UTC
 1  0      0 1161252 103144 1351120    0    0     0  7540 16261 16216 47 13 30 10  0  0 2026-09-21 18:28:03
 5  0      0 1156460 103144 1355908    0    0     0 11824 13621 14079 44 12 34 10  0  0 2026-09-21 18:28:04
 0  0      0 1153932 103144 1358664    0    0     0  8512 14015 14954 40 12 41  8  0  0 2026-09-21 18:28:05
31  0      0 1151336 103144 1361592    0    0     0 10676 13892 13646 47 10 35  9  0  0 2026-09-21 18:28:06
 8  0      0 1149116 103144 1363380    0    0     0  6876 14808 13489 43 11 38  7  0  0 2026-09-21 18:28:07
 0  0      0 1148072 103144 1364972    0    0     0 10080 12041 12869 41  9 39 12  0  0 2026-09-21 18:28:08
21  0      0 1145588 103144 1367672    0    0     0  9812 14271 15331 40 12 45  3  0  0 2026-09-21 18:28:09
12  0      0 1141572 103144 1371556    0    0     0 10412 12229 14195 40 10 43  7  0  0 2026-09-21 18:28:10
 0  0      0 1140472 103144 1372776    0    0     0  9356 12799 12753 33  9 52  7  0  0 2026-09-21 18:28:11
16  0      0 1138600 103144 1374424    0    0     0  7676 14358 14241 40 10 41  9  0  0 2026-09-21 18:28:12
 5  0      0 1135424 103144 1377488    0    0     0 10328 15221 14415 51 13 27 10  0  0 2026-09-21 18:28:13
 0  0      0 1133728 103144 1378924    0    0     0  7584 13488 12971 40  9 42 10  0  0 2026-09-21 18:28:14
129  0      0 1130992 103144 1382108    0    0     0 10488 16693 15319 60 13 21  7  0  0 2026-09-21 18:28:15
 1  0      0 1129104 103144 1384448    0    0     0  8492 9042 11261 31  5 53 11  0  0 2026-09-21 18:28:16
 2  0      0 1119048 103144 1394020    0    0     0 17572 16891 17451 56 13 22  9  0  0 2026-09-21 18:28:17
 0  0      0 1116904 103144 1396424    0    0     0 10788 11299 13017 29  7 51 13  0  0 2026-09-21 18:28:18
 0  0      0 1110524 103144 1403160    0    0     0 13868 11254 13495 32  8 51  9  0  0 2026-09-21 18:28:19
42  0      0 1109320 103144 1404368    0    0     0 65568 12424 13151 28  9 49 13  0  0 2026-09-21 18:28:20
 0  0      0 1105988 103144 1407524    0    0     0 10580 13813 15130 44 11 37  9  0  0 2026-09-21 18:28:21
 0  0      0 1104512 103144 1409328    0    0     0  8868 9815 10211 17  7 65 11  0  0 2026-09-21 18:28:22
 0  0      0 1101168 103144 1412768    0    0     0  8540 15509 16557 52 12 29  6  0  0 2026-09-21 18:28:23
procs -----------memory---------- ---swap-- -----io---- -system-- -------cpu------- -----timestamp-----
 r  b   swpd   free   buff  cache   si   so    bi    bo   in   cs us sy id wa st gu                 UTC
 0  0      0 1100412 103144 1413764    0    0     0  8584 9428 10764 22  6 61 11  0  0 2026-09-21 18:28:24
 0  0      0 1096892 103144 1417132    0    0     0 12376 11428 13760 49  7 32 12  0  0 2026-09-21 18:28:25
 1  0      0 1090880 103144 1423200    0    0     0 15228 8776 11204 38  4 46 11  0  0 2026-09-21 18:28:26
 0  0      0 1090316 103144 1423896    0    0     0 10840 2715 4254  9  2 74 16  0  0 2026-09-21 18:28:27
 0  0      0 1090316 103144 1423896    0    0     0  7672  869 1772  1  1 85 15  0  0 2026-09-21 18:28:28
 0  0      0 1090316 103144 1423896    0    0     0  7572  886 1821  0  1 85 15  0  0 2026-09-21 18:28:29
