procs -----------memory---------- ---swap-- -----io---- -system-- -------cpu------- -----timestamp-----
 r  b   swpd   free   buff  cache   si   so    bi    bo   in   cs us sy id wa st gu                 UTC
 0  0      0 15198252  19380 360816    0    0   127   110 24811   18 18  3 80  0  0  0 2026-09-21 18:27:21
 0  0      0 15174652  19380 360824    0    0     4     0 2907 2526  1  1 98  0  0  0 2026-09-21 18:27:22
 0  0      0 15174908  19380 360824    0    0     0     0   72   76  0  0 100  0  0  0 2026-09-21 18:27:23
 0  0      0 15158528  19380 360824    0    0     0     0 10398 12100  2  1 97  0  0  0 2026-09-21 18:27:24
 0  0      0 15152732  19380 360824    0    0     0     0 4425 4905  1  0 99  0  0  0 2026-09-21 18:27:25
 0  0      0 15144952  19380 360824    0    0     0     0 11122 12587  2  1 97  0  0  0 2026-09-21 18:27:26
 0  0      0 15126304  19380 360824    0    0     0     0 12835 13521  4  1 95  0  0  0 2026-09-21 18:27:27
 0  0      0 15101860  19380 360824    0    0     0     0 18884 19320  7  1 92  0  0  0 2026-09-21 18:27:28
 0  0      0 15057004  19380 360824    0    0     0     0 18556 17516  9  2 89  0  0  0 2026-09-21 18:27:29
 0  0      0 15040124  19380 360824    0    0     0     0 23594 22878  9  2 89  0  0  0 2026-09-21 18:27:30
 0  0      0 14998048  19380 360824    0    0     0     0 31721 30349 12  2 86  0  0  0 2026-09-21 18:27:31
 0  0      0 14927220  19380 360824    0    0     0     0 35773 31370 14  3 83  0  0  0 2026-09-21 18:27:32
 0  0      0 14864488  19380 360824    0    0     0     0 40876 35128 16  3 80  0  0  0 2026-09-21 18:27:33
 0  0      0 14775284  19380 360824    0    0     0     4 50031 40369 21  4 75  0  0  0 2026-09-21 18:27:34
 1  0      0 14667428  19380 360824    0    0     0     0 60864 47603 24  5 71  0  0  0 2026-09-21 18:27:35
 1  0      0 14458780  19380 360824    0    0     0     0 75465 48532 34  8 59  0  0  0 2026-09-21 18:27:36
 3  0      0 14262380  19380 360824    0    0     0     0 78090 49928 37  9 54  0  0  0 2026-09-21 18:27:37
 5  0      0 13994508  19388 360888    0    0     0    96 93370 49242 44 11 45  0  0  0 2026-09-21 18:27:38
 3  0      0 13758820  19388 361080    0    0     0     0 100881 48381 50 12 38  0  0  0 2026-09-21 18:27:39
 0  0      0 13412428  19388 361316    0    0     0     0 112698 44734 60 13 27  0  0  0 2026-09-21 18:27:40
 8  0      0 12984264  19388 361588    0    0     0     0 116819 43608 59 15 26  0  0  0 2026-09-21 18:27:41
procs -----------memory---------- ---swap-- -----io---- -system-- -------cpu------- -----timestamp-----
 r  b   swpd   free   buff  cache   si   so    bi    bo   in   cs us sy id wa st gu                 UTC
 0  0      0 12818680  19388 361796    0    0     0     0 107472 46872 61 13 26  0  0  0 2026-09-21 18:27:42
10  0      0 12520152  19388 362064    0    0     0     0 117934 44976 60 14 25  0  0  0 2026-09-21 18:27:43
 2  0      0 12225800  19388 362196    0    0     0     0 113887 41390 61 14 25  0  0  0 2026-09-21 18:27:44
 2  0      0 11946132  19388 362432    0    0     0     0 107820 43139 62 13 24  0  0  0 2026-09-21 18:27:45
 8  0      0 11554272  19388 362560    0    0     0     0 116881 40007 63 15 22  0  0  0 2026-09-21 18:27:46
 4  0      0 11290080  19388 362788    0    0     0     0 109574 37293 65 14 21  0  0  0 2026-09-21 18:27:47
 5  0      0 11050976  19388 362908    0    0     0  5196 106872 36216 69 13 18  0  0  0 2026-09-21 18:27:48
 8  0      0 10801984  19388 363128    0    0     0     0 109387 35081 68 13 19  0  0  0 2026-09-21 18:27:49
 8  0      0 10801004  19388 363256    0    0     0     0 100401 46828 64 12 25  0  0  0 2026-09-21 18:27:50
 2  0      0 10564584  19388 363420    0    0     0     0 114171 34790 70 13 17  0  0  0 2026-09-21 18:27:51
 8  0      0 10313092  19388 363572    0    0     0     0 110023 26697 74 13 13  0  0  0 2026-09-21 18:27:52
 7  0      0 10048220  19388 363724    0    0     0     0 105605 31234 71 12 17  0  0  0 2026-09-21 18:27:53
 8  0      0 10034168  19388 363916    0    0     0     0 104481 40072 66 13 21  0  0  0 2026-09-21 18:27:54
 8  0      0 9767276  19388 364008    0    0     0     0 106961 23345 75 13 12  0  0  0 2026-09-21 18:27:55
 8  0      0 9576528  19388 364092    0    0     0     0 97126 24512 75 12 13  0  0  0 2026-09-21 18:27:56
 2  0      0 9572856  19388 364272    0    0     0     0 99606 45729 62 12 26  0  0  0 2026-09-21 18:27:57
 9  0      0 9258112  19388 364324    0    0     0     0 100371 19103 76 12 12  0  0  0 2026-09-21 18:27:58
 8  0      0 9159416  19388 364528    0    0     0     0 92847 25208 74 12 15  0  0  0 2026-09-21 18:27:59
 1  0      0 8752516  19388 364680    0    0     0     0 130444 26482 70 14 16  0  0  0 2026-09-21 18:28:00
 8  0      0 8707112  19388 364764    0    0     0     0 88811 28958 74 11 15  0  0  0 2026-09-21 18:28:01
 8  0      0 8397512  19388 364916    0    0     0     0 113192 24252 71 14 15  0  0  0 2026-09-21 18:28:02
procs -----------memory---------- ---swap-- -----io---- -system-- -------cpu------- -----timestamp-----
 r  b   swpd   free   buff  cache   si   so    bi    bo   in   cs us sy id wa st gu                 UTC
 8  0      0 8169368  19388 364964    0    0     0     0 86005 15803 79 11 10  0  0  0 2026-09-21 18:28:03
 8  0      0 7956332  19388 365036    0    0     0     0 104078 28728 67 12 20  0  0  0 2026-09-21 18:28:04
 8  0      0 7914852  19388 365160    0    0     0     8 88142 30348 73 10 17  0  0  0 2026-09-21 18:28:05
 8  0      0 7679176  19388 365272    0    0     0     0 98752 21235 73 11 16  0  0  0 2026-09-21 18:28:06
 8  0      0 7678412  19388 365384    0    0     0     0 82062 32369 67 10 23  0  0  0 2026-09-21 18:28:07
 0  0      0 7492184  19396 365468    0    0     0    48 89205 20436 76 10 14  0  0  0 2026-09-21 18:28:08
 9  0      0 7491944  19396 365576    0    0     0     0 92020 35430 67 11 21  0  0  0 2026-09-21 18:28:09
 8  0      0 6989768  19396 365628    0    0     0     0 103012 13042 76 10 14  0  0  0 2026-09-21 18:28:10
 9  0      0 6980632  19396 365752    0    0     0     0 95752 30541 69 12 19  0  0  0 2026-09-21 18:28:11
 8  0      0 6980380  19396 365832    0    0     0     0 73092 14409 84  8  8  0  0  0 2026-09-21 18:28:12
 8  0      0 6979624  19396 365944    0    0     0     0 82454 10279 84 11  5  0  0  0 2026-09-21 18:28:13
 8  0      0 6979372  19396 365984    0    0     0     0 73285 24699 73  9 18  0  0  0 2026-09-21 18:28:14
 9  0      0 6570940  19396 366072    0    0     0     0 99781 6460 83 11  5  0  0  0 2026-09-21 18:28:15
 2  0      0 6570716  19396 366272    0    0     0     0 88716 51250 51 10 40  0  0  0 2026-09-21 18:28:16
 8  0      0 6166968  19396 366412    0    0     0     0 106406 16304 79 13  9  0  0  0 2026-09-21 18:28:17
 8  0      0 5750264  19396 366492    0    0     0     0 109023 28157 72 13 15  0  0  0 2026-09-21 18:28:18
 8  0      0 5749536  19396 366616    0    0     0     0 80638 20511 69 10 21  0  0  0 2026-09-21 18:28:19
 8  0      0 5748780  19396 366648    0    0     0     0 78996 26435 74  8 18  0  0  0 2026-09-21 18:28:20
 7  0      0 5449696  19396 366848    0    0     0     0 95143 4169 89 10  1  0  0  0 2026-09-21 18:28:21
 8  0      0 5449444  19396 366884    0    0     0     0 79120 32531 55  9 36  0  0  0 2026-09-21 18:28:22
 9  0      0 5269104  19396 366896    0    0     0     0 70318 6723 88  8  4  0  0  0 2026-09-21 18:28:23
procs -----------memory---------- ---swap-- -----io---- -system-- -------cpu------- -----timestamp-----
 r  b   swpd   free   buff  cache   si   so    bi    bo   in   cs us sy id wa st gu                 UTC
 7  0      0 5016004  19396 366972    0    0     0     0 100569 25651 72 12 15  0  0  0 2026-09-21 18:28:24
 0  0      0 5015332  19396 367332    0    0     0     0 34929 28545 12  4 84  0  0  0 2026-09-21 18:28:25
 0  0      0 5015332  19396 367332    0    0     0     0 1740 1863  0  0 100  0  0  0 2026-09-21 18:28:26
 0  0      0 5015332  19396 367332    0    0     0     0  166  278  0  0 100  0  0  0 2026-09-21 18:28:27
 0  0      0 5015332  19396 367332    0    0     0     0  274  154  0  0 100  0  0  0 2026-09-21 18:28:28
 1  0      0 6281272  19396 367332    0    0     0     0  855  144  0  1 99  0  0  0 2026-09-21 18:28:29
 0  0      0 15082084  19396 360800    0    0     0     4 22792 1570  4  7 89  0  0  0 2026-09-21 18:28:30
