procs -----------memory---------- ---swap-- -----io---- -system-- -------cpu------- -----timestamp-----
 r  b   swpd   free   buff  cache   si   so    bi    bo   in   cs us sy id wa st gu                 UTC
 1  0      0 1499580  83736 2045116    0    0   390  1360  733    4  7  2 90  2  0  0 2026-09-21 16:12:47
 0  0      0 1499060  83736 2045096    0    0     0     0  176  231  0  1 100  0  0  0 2026-09-21 16:12:48
 0  0      0 1500892  83736 2045096    0    0     0     0   53   66  0  0 100  0  0  0 2026-09-21 16:12:49
 0  0      0 1503208  83736 2045096    0    0     0     0   52   61  0  0 100  0  0  0 2026-09-21 16:12:50
 0  0      0 1505236  83736 2045096    0    0     0     0   33   47  0  1 100  0  0  0 2026-09-21 16:12:51
 0  0      0 1507008  83736 2045096    0    0     0     0   32   40  0  0 100  0  0  0 2026-09-21 16:12:52
 0  0      0 1508560  83736 2045096    0    0     0     0   29   45  0  0 100  0  0  0 2026-09-21 16:12:53
 0  0      0 1509920  83736 2045096    0    0     0     0   36   46  0  0 100  0  0  0 2026-09-21 16:12:54
 0  0      0 1510092  83736 2045096    0    0     0     0   27   33  0  0 100  0  0  0 2026-09-21 16:12:55
 0  0      0 1510092  83736 2045096    0    0     0     0   29   39  0  0 100  0  0  0 2026-09-21 16:12:56
 0  0      0 1510092  83736 2045096    0    0     0     0   41   41  0  0 100  0  0  0 2026-09-21 16:12:57
 0  0      0 1510092  83736 2045096    0    0     0     0   36   48  0  0 100  0  0  0 2026-09-21 16:12:58
 1  0      0 1510092  83736 2045096    0    0     0     0   28   41  0  0 100  0  0  0 2026-09-21 16:12:59
 1  0      0 1510092  83736 2045096    0    0     0     0   22   37  1  0 100  0  0  0 2026-09-21 16:13:00
 1  0      0 1510092  83736 2045096    0    0     0     0   26   39  0  0 100  0  0  0 2026-09-21 16:13:01
 1  0      0 1509888  83736 2045096    0    0     0     0  123  112  0  0 100  0  0  0 2026-09-21 16:13:02
 1  0      0 1509840  83736 2045096    0    0     0     0   31   42  0  0 100  0  0  0 2026-09-21 16:13:03
 1  0      0 1509840  83736 2045096    0    0     0     0   33   45  0  1 100  0  0  0 2026-09-21 16:13:04
 1  0      0 1509840  83736 2045096    0    0     0     0   34   44  0  0 100  0  0  0 2026-09-21 16:13:05
 1  0      0 1509840  83736 2045096    0    0     0     0   61   57  0  0 100  0  0  0 2026-09-21 16:13:06
 1  0      0 1509840  83736 2045096    0    0     0     0   31   40  0  0 100  0  0  0 2026-09-21 16:13:07
procs -----------memory---------- ---swap-- -----io---- -system-- -------cpu------- -----timestamp-----
 r  b   swpd   free   buff  cache   si   so    bi    bo   in   cs us sy id wa st gu                 UTC
 1  0      0 1509840  83736 2045096    0    0     0     0   29   40  0  0 100  0  0  0 2026-09-21 16:13:08
 1  0      0 1509840  83736 2045096    0    0     0     0   34   51  0  0 100  0  0  0 2026-09-21 16:13:09
 1  0      0 1509840  83736 2045096    0    0     0     0   49   48  0  0 100  0  0  0 2026-09-21 16:13:10
 1  0      0 1509840  83736 2045096    0    0     0     0   29   35  0  0 100  0  0  0 2026-09-21 16:13:11
 1  0      0 1509840  83736 2045096    0    0     0     0   29   39  0  0 100  0  0  0 2026-09-21 16:13:12
 0  0      0 1509840  83736 2045096    0    0     0     0   32   42  1  0 100  0  0  0 2026-09-21 16:13:13
 0  0      0 1509840  83736 2045096    0    0     0  8636  129  142  0  1 99  1  0  0 2026-09-21 16:13:14
 0  0      0 1509840  83736 2045096    0    0     0     0   26   39  0  0 100  0  0  0 2026-09-21 16:13:15
 0  0      0 1509840  83736 2045096    0    0     0     0   34   39  0  0 100  0  0  0 2026-09-21 16:13:16
 0  1      0 1509840  83744 2045088    0    0     0    68   31   41  0  0 100  0  0  0 2026-09-21 16:13:17
 0  0      0 1509840  83748 2045096    0    0     0   136   59   63  0  0 100  0  0  0 2026-09-21 16:13:18
 0  0      0 1509840  83748 2045096    0    0     0     8   45   43  0  1 100  0  0  0 2026-09-21 16:13:19
 0  0      0 1509840  83748 2045096    0    0     0     0   44   51  0  0 100  0  0  0 2026-09-21 16:13:20
 0  0      0 1509840  83748 2045096    0    0     0     0   27   37  0  0 100  0  0  0 2026-09-21 16:13:21
 0  0      0 1509840  83748 2045100    0    0     0     0   70   83  0  0 100  0  0  0 2026-09-21 16:13:22
 0  0      0 1509840  83748 2045100    0    0     0     0   31   38  0  0 100  0  0  0 2026-09-21 16:13:23
 0  0      0 1509840  83748 2045104    0    0     0     0   32   44  0  0 100  0  0  0 2026-09-21 16:13:24
 0  0      0 1509840  83748 2045104    0    0     0     0   38   45  0  0 100  0  0  0 2026-09-21 16:13:25
 0  0      0 1509840  83748 2045104    0    0     0     0   35   45  0  0 100  0  0  0 2026-09-21 16:13:26
 0  0      0 1509840  83748 2045104    0    0     0     0   32   35  0  0 100  0  0  0 2026-09-21 16:13:27
 0  0      0 1509840  83748 2045104    0    0     0     0   27   41  0  0 100  0  0  0 2026-09-21 16:13:28
procs -----------memory---------- ---swap-- -----io---- -system-- -------cpu------- -----timestamp-----
 r  b   swpd   free   buff  cache   si   so    bi    bo   in   cs us sy id wa st gu                 UTC
 0  0      0 1509840  83756 2045104    0    0     0    36   65   72  0  0 100  1  0  0 2026-09-21 16:13:29
 0  0      0 1509840  83756 2045104    0    0     0     0   38   54  0  0 100  0  0  0 2026-09-21 16:13:30
 0  0      0 1509840  83756 2045104    0    0     0     0   29   35  0  0 100  0  0  0 2026-09-21 16:13:31
 0  0      0 1509840  83756 2045104    0    0     0     0   33   39  1  0 100  0  0  0 2026-09-21 16:13:32
 0  0      0 1509840  83756 2045104    0    0     0     0   33   41  0  0 100  0  0  0 2026-09-21 16:13:33
 0  0      0 1509840  83756 2045104    0    0     0     0   70   66  0  0 100  0  0  0 2026-09-21 16:13:34
 0  0      0 1509840  83756 2045104    0    0     0     0   40   47  0  1 100  0  0  0 2026-09-21 16:13:35
 0  0      0 1509840  83756 2045104    0    0     0     0   51   54  0  0 100  0  0  0 2026-09-21 16:13:36
 0  0      0 1509840  83756 2045104    0    0     0     0   51   51  0  0 100  0  0  0 2026-09-21 16:13:37
 0  0      0 1509840  83756 2045104    0    0     0     0   89   77  0  0 100  0  0  0 2026-09-21 16:13:38
 0  0      0 1509840  83756 2045104    0    0     0     0   29   40  0  0 100  0  0  0 2026-09-21 16:13:39
 0  0      0 1509840  83756 2045104    0    0     0     0   32   40  0  0 100  0  0  0 2026-09-21 16:13:40
 0  0      0 1509840  83756 2045104    0    0     0     0   30   37  0  1 100  0  0  0 2026-09-21 16:13:41
 0  0      0 1509840  83756 2045104    0    0     0     0   39   45  0  0 100  0  0  0 2026-09-21 16:13:42
 0  0      0 1509840  83756 2045104    0    0     0     0   62   90  0  0 100  0  0  0 2026-09-21 16:13:43
 0  0      0 1509840  83756 2045104    0    0     0     0   37   48  0  0 100  0  0  0 2026-09-21 16:13:44
 0  0      0 1509840  83756 2045104    0    0     0     0   34   42  0  0 100  0  0  0 2026-09-21 16:13:45
 0  0      0 1509840  83756 2045104    0    0     0     0   38   43  0  0 100  0  0  0 2026-09-21 16:13:46
 0  0      0 1509840  83756 2045104    0    0     0     0   29   36  0  0 100  0  0  0 2026-09-21 16:13:47
 0  0      0 1509840  83756 2045104    0    0     0     0   32   37  0  0 100  0  0  0 2026-09-21 16:13:48
 0  0      0 1509840  83756 2045104    0    0     0     0   37   48  0  0 100  0  0  0 2026-09-21 16:13:49
procs -----------memory---------- ---swap-- -----io---- -system-- -------cpu------- -----timestamp-----
 r  b   swpd   free   buff  cache   si   so    bi    bo   in   cs us sy id wa st gu                 UTC
 0  0      0 1509840  83756 2045104    0    0     0     0   44   53  0  0 99  0  0  0 2026-09-21 16:13:50
 0  0      0 1509840  83756 2045104    0    0     0    16   35   39  0  0 100  0  0  0 2026-09-21 16:13:51
 0  0      0 1509840  83756 2045104    0    0     0     0   50   64  0  0 100  0  0  0 2026-09-21 16:13:52
 0  0      0 1509840  83756 2045104    0    0     0     0   33   44  0  0 100  0  0  0 2026-09-21 16:13:53
 0  0      0 1509840  83756 2045104    0    0     0     0   48   55  0  0 100  0  0  0 2026-09-21 16:13:54
 0  0      0 1509840  83756 2045104    0    0     0     0   31   36  1  0 100  0  0  0 2026-09-21 16:13:55
 9  0      0 1481236  83768 2045236    0    0     0    80 1115 1199 14  4 82  0  0  0 2026-09-21 16:13:56
