procs -----------memory---------- ---swap-- -----io---- -system-- -------cpu------- -----timestamp-----
 r  b   swpd   free   buff  cache   si   so    bi    bo   in   cs us sy id wa st gu                 UTC
 1  0      0 1492836  83952 2046520    0    0   242   926  505    3  4  1 93  1  0  0 2026-09-21 16:33:43
 0  0      0 1493712  83952 2046496    0    0     0  4496  207  262  0  1 99  1  0  0 2026-09-21 16:33:44
 0  0      0 1498688  83952 2046496    0    0     0     0   40   51  0  0 100  0  0  0 2026-09-21 16:33:45
 0  0      0 1501068  83952 2046496    0    0     0     0   38   52  0  0 100  0  0  0 2026-09-21 16:33:46
 0  0      0 1501068  83952 2046496    0    0     0     0   47   60  0  0 100  0  0  0 2026-09-21 16:33:47
 0  0      0 1504976  83952 2046496    0    0     0     0   29   41  0  0 100  0  0  0 2026-09-21 16:33:48
 0  0      0 1506572  83952 2046496    0    0     0     8   46   49  0  0 99  0  0  0 2026-09-21 16:33:49
 0  0      0 1506572  83952 2046496    0    0     0   116   37   49  0  0 100  0  0  0 2026-09-21 16:33:50
 0  0      0 1508404  83952 2046496    0    0     0     0   58   62  0  0 100  0  0  0 2026-09-21 16:33:51
 0  0      0 1508404  83952 2046496    0    0     0     0   35   46  0  0 100  0  0  0 2026-09-21 16:33:52
 0  0      0 1508404  83952 2046496    0    0     0     0   41   59  1  0 100  0  0  0 2026-09-21 16:33:53
 0  0      0 1508404  83952 2046496    0    0     0     0   32   46  0  0 100  0  0  0 2026-09-21 16:33:54
 0  0      0 1508404  83952 2046496    0    0     0     0   34   50  0  0 100  0  0  0 2026-09-21 16:33:55
 0  0      0 1508404  83952 2046496    0    0     0     0   28   35  0  0 100  0  0  0 2026-09-21 16:33:56
 0  0      0 1508404  83952 2046496    0    0     0     0   27   44  0  0 100  0  0  0 2026-09-21 16:33:57
 0  0      0 1508404  83952 2046496    0    0     0     0   33   41  0  0 100  0  0  0 2026-09-21 16:33:58
 0  0      0 1508404  83952 2046496    0    0     0     0   40   50  0  0 100  0  0  0 2026-09-21 16:33:59
 0  0      0 1508404  83952 2046496    0    0     0     0   30   36  0  0 100  0  0  0 2026-09-21 16:34:00
 0  0      0 1509044  83956 2046496    0    0     0  5016  129  133  0  1 99  1  0  0 2026-09-21 16:34:01
 1  0      0 1509044  83956 2046496    0    0     0     0   38   40  0  0 100  0  0  0 2026-09-21 16:34:02
 1  0      0 1509044  83956 2046496    0    0     0     0   40   49  0  0 100  0  0  0 2026-09-21 16:34:03
procs -----------memory---------- ---swap-- -----io---- -system-- -------cpu------- -----timestamp-----
 r  b   swpd   free   buff  cache   si   so    bi    bo   in   cs us sy id wa st gu                 UTC
 1  0      0 1509044  83956 2046496    0    0     0     0   24   36  0  0 100  0  0  0 2026-09-21 16:34:04
 1  0      0 1509044  83956 2046496    0    0     0     0   30   41  0  0 100  0  0  0 2026-09-21 16:34:05
 1  0      0 1509044  83956 2046496    0    0     0     0   80   65  0  0 100  0  0  0 2026-09-21 16:34:06
 1  0      0 1509044  83956 2046496    0    0     0     0   72   69  0  0 100  0  0  0 2026-09-21 16:34:07
 1  0      0 1509044  83956 2046496    0    0     0     0   46   46  0  1 100  0  0  0 2026-09-21 16:34:08
 1  0      0 1509044  83956 2046496    0    0     0     0   36   45  0  0 100  0  0  0 2026-09-21 16:34:09
 1  0      0 1509044  83956 2046496    0    0     0  1832   75   81  1  0 100  0  0  0 2026-09-21 16:34:10
 1  0      0 1509044  83956 2046496    0    0     0     0   36   46  0  0 100  0  0  0 2026-09-21 16:34:11
 1  0      0 1509044  83956 2046496    0    0     0     0   31   37  0  0 100  0  0  0 2026-09-21 16:34:12
 1  0      0 1509044  83956 2046496    0    0     0     0   25   37  0  0 100  0  0  0 2026-09-21 16:34:13
 1  0      0 1509044  83956 2046496    0    0     0     0   22   37  0  0 100  0  0  0 2026-09-21 16:34:14
 2  0      0 1509044  83956 2046496    0    0     0     8   45   60  0  0 100  0  0  0 2026-09-21 16:34:15
 1  0      0 1509044  83956 2046496    0    0     0     0   34   31  0  0 100  0  0  0 2026-09-21 16:34:16
 0  0      0 1509044  83956 2046496    0    0     0     0   34   46  0  0 99  0  0  0 2026-09-21 16:34:17
 0  0      0 1509044  83956 2046500    0    0     0     0   27   39  0  0 100  0  0  0 2026-09-21 16:34:18
 0  0      0 1509044  83956 2046500    0    0     0     0   37   43  0  0 100  0  0  0 2026-09-21 16:34:19
 0  0      0 1509044  83956 2046504    0    0     0    80   37   45  0  0 100  0  0  0 2026-09-21 16:34:20
 0  0      0 1509044  83956 2046504    0    0     0     0   33   42  0  0 100  0  0  0 2026-09-21 16:34:21
 0  0      0 1509044  83956 2046504    0    0     0     0   28   35  0  1 100  0  0  0 2026-09-21 16:34:22
 0  0      0 1509044  83956 2046504    0    0     0     0   38   45  0  0 100  0  0  0 2026-09-21 16:34:23
 0  0      0 1509044  83956 2046504    0    0     0     0   45   47  0  0 100  0  0  0 2026-09-21 16:34:24
procs -----------memory---------- ---swap-- -----io---- -system-- -------cpu------- -----timestamp-----
 r  b   swpd   free   buff  cache   si   so    bi    bo   in   cs us sy id wa st gu                 UTC
 0  0      0 1509044  83956 2046504    0    0     0     0   31   50  0  0 100  0  0  0 2026-09-21 16:34:25
 0  0      0 1509044  83956 2046504    0    0     0     0   30   37  0  0 100  0  0  0 2026-09-21 16:34:26
 0  0      0 1509044  83956 2046504    0    0     0     0   36   41  0  0 100  0  0  0 2026-09-21 16:34:27
 0  0      0 1509044  83956 2046504    0    0     0     0   32   42  0  1 100  0  0  0 2026-09-21 16:34:28
 0  0      0 1509044  83956 2046504    0    0     0     0   28   39  0  0 100  0  0  0 2026-09-21 16:34:29
 0  0      0 1509044  83956 2046504    0    0     0     0   39   41  0  0 100  0  0  0 2026-09-21 16:34:30
 0  0      0 1509044  83964 2046496    0    0     0    52   42   57  0  0 100  0  0  0 2026-09-21 16:34:31
 0  0      0 1509044  83964 2046504    0    0     0     0   29   30  0  0 100  0  0  0 2026-09-21 16:34:32
 0  0      0 1509044  83964 2046504    0    0     0     0   31   39  0  0 99  0  0  0 2026-09-21 16:34:33
 0  0      0 1509044  83964 2046504    0    0     0     0   29   35  0  0 100  0  0  0 2026-09-21 16:34:34
 0  0      0 1509044  83964 2046504    0    0     0     0   35   47  0  0 100  0  0  0 2026-09-21 16:34:35
 0  0      0 1509044  83964 2046504    0    0     0     0   31   37  0  0 100  0  0  0 2026-09-21 16:34:36
 0  0      0 1509044  83964 2046504    0    0     0     0   28   39  0  0 100  0  0  0 2026-09-21 16:34:37
 0  0      0 1509044  83964 2046504    0    0     0     0   32   37  0  0 100  0  0  0 2026-09-21 16:34:38
 0  0      0 1509044  83964 2046504    0    0     0     0   38   47  0  0 100  0  0  0 2026-09-21 16:34:39
 0  0      0 1509044  83964 2046504    0    0     0     0   40   43  0  0 100  0  0  0 2026-09-21 16:34:40
 0  0      0 1509044  83964 2046504    0    0     0     0   32   45  0  0 100  0  0  0 2026-09-21 16:34:41
 0  0      0 1509044  83964 2046504    0    0     0     0   30   36  0  0 100  0  0  0 2026-09-21 16:34:42
 0  0      0 1509044  83964 2046504    0    0     0     0   41   53  0  0 100  0  0  0 2026-09-21 16:34:43
 0  0      0 1509044  83964 2046504    0    0     0     0   27   35  0  0 100  0  0  0 2026-09-21 16:34:44
 0  0      0 1509044  83964 2046504    0    0     0     0   27   41  0  1 100  0  0  0 2026-09-21 16:34:45
procs -----------memory---------- ---swap-- -----io---- -system-- -------cpu------- -----timestamp-----
 r  b   swpd   free   buff  cache   si   so    bi    bo   in   cs us sy id wa st gu                 UTC
 0  0      0 1509044  83964 2046504    0    0     0    16   37   46  0  0 100  0  0  0 2026-09-21 16:34:46
 0  0      0 1509044  83964 2046504    0    0     0     0   52   54  0  0 100  0  0  0 2026-09-21 16:34:47
 0  0      0 1509044  83964 2046504    0    0     0     0   30   33  0  0 100  0  0  0 2026-09-21 16:34:48
 0  0      0 1509044  83964 2046504    0    0     0     0   30   37  0  0 100  0  0  0 2026-09-21 16:34:49
 0  0      0 1509044  83964 2046504    0    0     0     0   33   39  0  0 100  0  0  0 2026-09-21 16:34:50
 0  0      0 1509044  83964 2046504    0    0     0     0   45   53  0  0 100  0  0  0 2026-09-21 16:34:51
 1  0      0 1479848  83972 2046512    0    0     0    48 1216 1350 15  5 81  0  0  0 2026-09-21 16:34:52
