procs -----------memory---------- ---swap-- -----io---- -system-- -------cpu------- -----timestamp-----
 r  b   swpd   free   buff  cache   si   so    bi    bo   in   cs us sy id wa st gu                 UTC
 1  0      0 3295964  17148 329452    0    0 17579   446 2443   17 18 23 51  6  1  0 2026-09-21 18:48:48
 0  1      0 3294604  17168 330840    0    0  1020     0 1139 1324  2  3 94  2  0  0 2026-09-21 18:48:51
 0  0      0 3294952  17168 331260    0    0   380     0  296  276  0  0 99  1  0  0 2026-09-21 18:48:52
 0  0      0 3298224  17168 331264    0    0     0     0   66   83  0  0 99  0  0  0 2026-09-21 18:48:53
 0  0      0 3300592  17168 331324    0    0     0     0 4851 2980  4  2 95  0  0  0 2026-09-21 18:48:54
 1  0      0 3302084  17168 331324    0    0     0     0 2932 1558  1  1 98  0  0  0 2026-09-21 18:48:55
 1  0      0 3303772  17168 331348    0    0     0     0 5826 3351  3  2 95  0  0  0 2026-09-21 18:48:56
 1  0      0 3305816  17168 331364    0    0     0     0 7973 5137  5  4 92  0  0  0 2026-09-21 18:48:57
 1  0      0 3307184  17168 331408    0    0     0     0 9909 5997  6  4 90  0  0  0 2026-09-21 18:48:58
 2  0      0 3307452  17168 331504    0    0     0     0 11992 7404  7  5 88  0  0  0 2026-09-21 18:48:59
 3  0      0 3307712  17168 331524    0    0     0     0 15761 8913  7  6 87  0  0  0 2026-09-21 18:49:00
 2  0      0 3307120  17168 331656    0    0     0     0 14908 8290 10  6 84  0  0  0 2026-09-21 18:49:01
 1  0      0 3306992  17168 331680    0    0     0     0 17711 10481 11  8 81  0  0  0 2026-09-21 18:49:02
 3  0      0 3301360  17168 331916    0    0     0     0 21243 10753 16 10 74  0  0  0 2026-09-21 18:49:03
 1  0      0 3297812  17292 332060    0    0   132     0 25817 13923 17 15 67  0  0  0 2026-09-21 18:49:04
 2  0      0 3287016  17292 332372    0    0     0     0 28212 12618 26 19 54  0  0  0 2026-09-21 18:49:05
 2  0      0 3277664  17292 332648    0    0     0     0 31902 16450 30 24 46  0  0  0 2026-09-21 18:49:06
 3  0      0 3263148  17292 333064    0    0     0     0 34487 13108 42 26 32  0  0  0 2026-09-21 18:49:07
 3  0      0 3250864  17292 333412    0    0     0     0 34728 10744 45 29 26  0  0  0 2026-09-21 18:49:08
 3  0      0 3230176  17292 333876    0    0     0     0 37128 7349 50 33 17  0  0  0 2026-09-21 18:49:09
 3  0      0 3217676  17292 334208    0    0     0     8 38176 6012 51 35 15  0  0  0 2026-09-21 18:49:10
procs -----------memory---------- ---swap-- -----io---- -system-- -------cpu------- -----timestamp-----
 r  b   swpd   free   buff  cache   si   so    bi    bo   in   cs us sy id wa st gu                 UTC
 1  0      0 3207448  17292 334660    0    0     0   120 40819 6799 51 35 15  0  0  0 2026-09-21 18:49:11
 3  0      0 3193728  17292 335016    0    0     0     0 41735 5249 53 37 11  0  0  0 2026-09-21 18:49:12
 3  0      0 3176520  17292 335604    0    0     0     0 39905 7053 49 35 15  0  0  0 2026-09-21 18:49:13
 3  0      0 3167284  17292 335796    0    0     0   212 40125 5272 55 33 12  0  0  0 2026-09-21 18:49:14
 4  0      0 3148792  17292 336244    0    0     0     0 34144 5345 52 36 13  0  0  0 2026-09-21 18:49:15
 3  0      0 3134636  17292 336680    0    0     0     0 39512 5442 50 37 14  0  0  0 2026-09-21 18:49:16
 3  0      0 3122892  17304 337060    0    0     0   208 38223 6715 49 34 16  0  0  0 2026-09-21 18:49:17
 3  0      0 3110544  17304 337456    0    0     0    72 36382 6510 50 35 16  0  0  0 2026-09-21 18:49:18
 3  0      0 3101020  17304 337848    0    0     0  7552 37688 6691 47 35 18  0  0  0 2026-09-21 18:49:19
 3  0      0 3088492  17304 338200    0    0     0     0 38198 6402 49 35 16  0  0  0 2026-09-21 18:49:20
 0  0      0 3078652  17304 338552    0    0     0    16 38280 6193 49 38 14  0  0  0 2026-09-21 18:49:21
 2  0      0 3064244  17304 338888    0    0     0     4 41696 2957 53 43  4  0  0  0 2026-09-21 18:49:22
 3  0      0 3057760  17304 339024    0    0     0     0 39713 8624 43 37 20  0  0  0 2026-09-21 18:49:23
 3  0      0 3044364  17304 339200    0    0     0     0 42010 7711 48 37 16  0  0  0 2026-09-21 18:49:24
 3  0      0 3033804  17304 339656    0    0     0     0 38499 10043 39 33 28  0  0  0 2026-09-21 18:49:25
 2  0      0 3026336  17304 339888    0    0     0     0 39872 7192 47 35 18  0  0  0 2026-09-21 18:49:26
 3  0      0 3018780  17304 340424    0    0     0     0 39934 2664 55 42  3  0  0  0 2026-09-21 18:49:27
 1  0      0 3012320  17304 340624    0    0     0     0 38111 12069 38 30 32  0  0  0 2026-09-21 18:49:28
 2  0      0 3010024  17304 340716    0    0     0     0 38208 11377 38 31 31  0  0  0 2026-09-21 18:49:29
 2  0      0 3001956  17304 340980    0    0     0     0 41375 1534 55 45  0  0  0  0 2026-09-21 18:49:30
 2  0      0 2997092  17304 341212    0    0     0     0 41775 11192 37 34 29  0  0  0 2026-09-21 18:49:31
procs -----------memory---------- ---swap-- -----io---- -system-- -------cpu------- -----timestamp-----
 r  b   swpd   free   buff  cache   si   so    bi    bo   in   cs us sy id wa st gu                 UTC
 2  0      0 2992504  17304 341392    0    0     0     0 37425 10355 39 31 30  0  0  0 2026-09-21 18:49:32
 3  0      0 2986992  17304 341392    0    0     0     0 38432 3435 55 40  5  0  0  0 2026-09-21 18:49:33
 3  0      0 2984576  17304 341720    0    0     0     0 37773 10504 35 33 31  0  0  0 2026-09-21 18:49:34
 3  0      0 2978500  17304 342012    0    0     0     0 38968 6862 45 38 16  0  0  0 2026-09-21 18:49:35
 3  0      0 2974416  17304 342012    0    0     0     0 40330 7006 44 38 19  0  0  0 2026-09-21 18:49:36
 1  1      0 2952412  17372 350912    0    0  8532     0 37147 6388 43 41 12  3  0  0 2026-09-21 18:49:37
 3  0      0 2910540  19436 371760    0    0 22674     0 38413 8669 53 41  4  3  0  0 2026-09-21 18:49:38
 2  0      0 2910432  19436 371760    0    0     0     0 36879 9770 35 34 30  0  0  0 2026-09-21 18:49:39
 2  0      0 2905960  19436 372052    0    0     0     0 41436 1833 56 44  0  0  0  0 2026-09-21 18:49:40
 3  0      0 2905528  19436 372128    0    0     0     0 37465 12628 32 33 35  0  0  0 2026-09-21 18:49:41
 3  0      0 2903488  19436 372388    0    0     0     0 38224 9211 38 34 28  0  0  0 2026-09-21 18:49:42
 2  0      0 2894656  19436 372604    0    0     0     0 40054 7317 42 39 19  0  0  0 2026-09-21 18:49:43
 2  0      0 2894172  19436 372588    0    0     0     0 36761 11521 34 30 36  0  0  0 2026-09-21 18:49:44
 2  0      0 2884188  19436 372884    0    0     0     0 39654 3121 52 43  5  0  0  0 2026-09-21 18:49:45
 1  0      0 2882452  19448 372852    0    0     0   156 37509 12213 34 34 33  0  0  0 2026-09-21 18:49:46
 2  0      0 2877764  19448 373140    0    0     0   232 40251 4631 47 43 10  0  0  0 2026-09-21 18:49:47
 2  0      0 2876164  19448 373136    0    0     0     0 38159 12599 32 32 37  0  0  0 2026-09-21 18:49:48
 2  0      0 2865032  19448 373396    0    0     0     0 41418 2700 53 44  3  0  0  0 2026-09-21 18:49:49
 2  0      0 2864520  19448 373476    0    0     0     4 34953 11326 33 33 34  0  0  0 2026-09-21 18:49:50
 0  0      0 2856724  19448 373708    0    0     0     0 41844 5847 46 41 13  0  0  0 2026-09-21 18:49:51
 0  0      0 2850844  19448 373868    0    0     0    24 34600 12304 32 31 37  0  0  0 2026-09-21 18:49:52
procs -----------memory---------- ---swap-- -----io---- -system-- -------cpu------- -----timestamp-----
 r  b   swpd   free   buff  cache   si   so    bi    bo   in   cs us sy id wa st gu                 UTC
 1  0      0 2848424  19448 373868    0    0     0     0 36182 11338 33 33 35  0  0  0 2026-09-21 18:49:53
 2  0      0 2848228  19448 373868    0    0     0     0 24695 9857 37 14 49  0  0  0 2026-09-21 18:49:54
 0  0      0 2848228  19448 373868    0    0     0     0 12573 4811 40  6 55  0  0  0 2026-09-21 18:49:55
 0  0      0 2848228  19448 373868    0    0     0     0  156  107  0  0 100  0  0  0 2026-09-21 18:49:56
 0  0      0 2848228  19448 373868    0    0     0     0  173  113  0  0 100  0  0  0 2026-09-21 18:49:57
 0  0      0 2848228  19448 373868    0    0     0     0  136   94  0  0 100  0  0  0 2026-09-21 18:49:58
 2  0      0 2849244  19448 373868    0    0     0     0 5245  379  7  6 88  0  0  0 2026-09-21 18:49:59
 0  1      0 2784376  20336 373992    0    0  7891     4 12681 5194 59 19  4 18  0  0 2026-09-21 18:50:00
