procs -----------memory---------- ---swap-- -----io---- -system-- -------cpu------- -----timestamp-----
 r  b   swpd   free   buff  cache   si   so    bi    bo   in   cs us sy id wa st gu                 UTC
 1  0      0 2232588  44340 979388    0    0   889   990  653    4  5  1 91  3  0  0 2026-09-21 15:50:44
 0  0      0 2231816  44340 979520    0    0     0     0  564  779  4  1 96  0  0  0 2026-09-21 15:50:45
 0  0      0 2233772  44340 979524    0    0     0     0  490  638  3  1 96  0  0  0 2026-09-21 15:50:46
 1  0      0 2233772  44340 979524    0    0     0     0  444  617  4  0 96  0  0  0 2026-09-21 15:50:47
 0  0      0 2233772  44348 979516    0    0     0   468  409  563  2  1 97  0  0  0 2026-09-21 15:50:48
 0  0      0 2233772  44348 979532    0    0     0     0  465  634  4  1 96  0  0  0 2026-09-21 15:50:49
 0  0      0 2233772  44348 979532    0    0     0     0  457  619  3  1 96  0  0  0 2026-09-21 15:50:50
 0  0      0 2233772  44348 979532    0    0     0     0  440  621  3  1 96  0  0  0 2026-09-21 15:50:51
 0  0      0 2233772  44348 979532    0    0     0    12  469  639  4  1 96  0  0  0 2026-09-21 15:50:52
 0  0      0 2233772  44348 979532    0    0     0     0  475  625  4  1 96  0  0  0 2026-09-21 15:50:53
 0  0      0 2233772  44348 979532    0    0     0     0  466  625  4  1 96  0  0  0 2026-09-21 15:50:54
 2  0      0 2233772  44348 979532    0    0     0     0  386  554  3  1 97  0  0  0 2026-09-21 15:50:55
 0  0      0 2233772  44348 979536    0    0     0     0  427  594  3  1 97  0  0  0 2026-09-21 15:50:56
 0  0      0 2233772  44348 979536    0    0     0     0  465  623  4  1 96  0  0  0 2026-09-21 15:50:57
 0  0      0 2233772  44348 979536    0    0     0     0  467  630  4  1 96  0  0  0 2026-09-21 15:50:58
 1  0      0 2233772  44348 979536    0    0     0     0  451  610  3  1 96  0  0  0 2026-09-21 15:50:59
 1  0      0 2233772  44348 979540    0    0     0     0  460  615  4  1 96  0  0  0 2026-09-21 15:51:00
 1  0      0 2233772  44348 979540    0    0     0     0  532  687  4  1 96  0  0  0 2026-09-21 15:51:01
 1  0      0 2233572  44348 979540    0    0     0     0  478  621  3  1 96  0  0  0 2026-09-21 15:51:02
 1  0      0 2231504  44348 979540    0    0     0     0  353  534  2  1 98  0  0  0 2026-09-21 15:51:03
 1  0      0 2231504  44348 979544    0    0     0     0  451  616  4  1 96  0  0  0 2026-09-21 15:51:04
procs -----------memory---------- ---swap-- -----io---- -system-- -------cpu------- -----timestamp-----
 r  b   swpd   free   buff  cache   si   so    bi    bo   in   cs us sy id wa st gu                 UTC
 1  0      0 2231252  44348 979544    0    0     0     0  448  616  4  1 96  0  0  0 2026-09-21 15:51:05
 1  0      0 2231252  44348 979544    0    0     0  7736  513  687  4  1 95  1  0  0 2026-09-21 15:51:06
 1  0      0 2231252  44348 979548    0    0     0     0  469  624  3  1 96  0  0  0 2026-09-21 15:51:07
 1  0      0 2231252  44348 979548    0    0     0    36  466  617  3  1 96  0  0  0 2026-09-21 15:51:08
 1  0      0 2231000  44348 979548    0    0     0     4  480  639  3  1 96  0  0  0 2026-09-21 15:51:09
 1  0      0 2231000  44348 979548    0    0     0     0  458  618  4  1 96  0  0  0 2026-09-21 15:51:10
 1  0      0 2231000  44348 979552    0    0     0  3152  380  552  2  1 97  1  0  0 2026-09-21 15:51:11
 1  0      0 2231000  44348 979556    0    0     0     0  470  631  3  1 96  0  0  0 2026-09-21 15:51:12
 1  0      0 2231000  44348 979556    0    0     0     0  469  627  4  1 96  0  0  0 2026-09-21 15:51:13
 1  0      0 2231000  44348 979556    0    0     0     0  486  644  3  1 96  0  0  0 2026-09-21 15:51:14
 0  0      0 2228732  44348 979556    0    0     0    12  454  610  3  1 95  0  0  0 2026-09-21 15:51:15
 0  0      0 2228732  44348 979556    0    0     0     0  470  623  3  1 96  0  0  0 2026-09-21 15:51:16
 0  0      0 2228732  44348 979556    0    0     0     0  466  616  4  1 96  0  0  0 2026-09-21 15:51:17
 2  0      0 2228732  44356 979548    0    0     0    76  412  578  2  1 97  0  0  0 2026-09-21 15:51:18
 0  0      0 2228732  44356 979512    0    0     0     0  409  587  3  0 97  0  0  0 2026-09-21 15:51:19
 0  0      0 2228732  44356 979516    0    0     0     0  451  617  3  1 96  0  0  0 2026-09-21 15:51:20
 0  0      0 2228732  44356 979516    0    0     0     0  460  616  4  1 96  0  0  0 2026-09-21 15:51:21
 0  0      0 2228732  44356 979524    0    0     0     0  517  674  3  1 96  0  0  0 2026-09-21 15:51:22
 0  0      0 2228732  44356 979524    0    0     0    20  516  675  4  1 96  0  0  0 2026-09-21 15:51:23
 0  0      0 2228732  44356 979524    0    0     0     0  462  621  3  1 96  0  0  0 2026-09-21 15:51:24
 0  0      0 2228732  44356 979524    0    0     0     0  499  648  3  1 96  0  0  0 2026-09-21 15:51:25
procs -----------memory---------- ---swap-- -----io---- -system-- -------cpu------- -----timestamp-----
 r  b   swpd   free   buff  cache   si   so    bi    bo   in   cs us sy id wa st gu                 UTC
 0  0      0 2228732  44356 979528    0    0     0     0  344  518  2  1 98  0  0  0 2026-09-21 15:51:26
 0  0      0 2228732  44356 979528    0    0     0     0  457  622  4  1 96  0  0  0 2026-09-21 15:51:27
 0  0      0 2228732  44356 979528    0    0     0     0  463  631  4  1 96  0  0  0 2026-09-21 15:51:28
 0  0      0 2228732  44356 979528    0    0     0     0  467  629  3  1 96  0  0  0 2026-09-21 15:51:29
 0  0      0 2228732  44356 979532    0    0     0     0  457  619  3  1 96  0  0  0 2026-09-21 15:51:30
 0  0      0 2228732  44356 979532    0    0     0     0  455  619  3  1 96  0  0  0 2026-09-21 15:51:31
 0  0      0 2228732  44356 979532    0    0     0     0  468  626  4  1 96  0  0  0 2026-09-21 15:51:32
 0  0      0 2228732  44356 979532    0    0     0     0  454  619  3  1 96  0  0  0 2026-09-21 15:51:33
 0  0      0 2228732  44356 979536    0    0     0     0  351  519  2  1 98  0  0  0 2026-09-21 15:51:34
 0  0      0 2228732  44356 979536    0    0     0     0  456  626  3  1 96  0  0  0 2026-09-21 15:51:35
 0  0      0 2228732  44356 979536    0    0     0     0  466  633  3  1 96  0  0  0 2026-09-21 15:51:36
 0  0      0 2228732  44356 979536    0    0     0     0  447  616  3  1 96  0  0  0 2026-09-21 15:51:37
 0  0      0 2228732  44356 979540    0    0     0    16  471  628  3  1 96  0  0  0 2026-09-21 15:51:38
 0  0      0 2228732  44356 979540    0    0     0     0  459  607  3  1 96  0  0  0 2026-09-21 15:51:39
 0  0      0 2228732  44356 979540    0    0     0     0  453  625  3  1 96  0  0  0 2026-09-21 15:51:40
 1  0      0 2228732  44356 979540    0    0     0     0  401  561  3  0 96  0  0  0 2026-09-21 15:51:41
 0  0      0 2228732  44356 979540    0    0     0     0  432  602  2  1 97  0  0  0 2026-09-21 15:51:42
 0  0      0 2230080  44356 979540    0    0     0  3292  521  676  4  0 96  1  0  0 2026-09-21 15:51:43
 0  0      0 2230088  44356 979544    0    0     0     0  472  630  4  1 96  0  0  0 2026-09-21 15:51:44
 0  0      0 2230088  44356 979544    0    0     0     0  454  615  3  1 96  0  0  0 2026-09-21 15:51:45
 0  0      0 2230088  44356 979548    0    0     0    16  469  637  3  1 96  0  0  0 2026-09-21 15:51:46
procs -----------memory---------- ---swap-- -----io---- -system-- -------cpu------- -----timestamp-----
 r  b   swpd   free   buff  cache   si   so    bi    bo   in   cs us sy id wa st gu                 UTC
 0  0      0 2230088  44356 979548    0    0     0     0  450  622  3  1 96  0  0  0 2026-09-21 15:51:47
 0  0      0 2229836  44364 979544    0    0     0    64  539  775  4  1 96  0  0  0 2026-09-21 15:51:48
 1  0      0 2229636  44404 979504    0    0     0   500  443  653  2  1 97  1  0  0 2026-09-21 15:51:49
 0  0      0 2229584  44404 979544    0    0     0     0  442  596  3  1 97  0  0  0 2026-09-21 15:51:50
 0  0      0 2229584  44404 979544    0    0     0     0  457  610  4  1 96  0  0  0 2026-09-21 15:51:51
 0  0      0 2228884  44404 979544    0    0     0     0  472  624  3  1 96  0  0  0 2026-09-21 15:51:52
 1  0      0 2227568  44404 979552    0    0     0     0  838  971  8  2 90  0  0  0 2026-09-21 15:51:53
