procs -----------memory---------- ---swap-- -----io---- -system-- -------cpu------- -----timestamp-----
 r  b   swpd   free   buff  cache   si   so    bi    bo   in   cs us sy id wa st gu                 UTC
 1  0      0 2159868  87944 1010744    0    0   896  1455 1539   16 12  3 82  3  0  0 2026-09-21 15:50:44
 2  0      0 2159444  87944 1010884    0    0     0     8 1472 1802  6  4 91  0  0  0 2026-09-21 15:50:45
 1  0      0 2117344  88620 1012488    0    0     0 32712 6650 12945 22  6 35 37  0  0 2026-09-21 15:50:46
 1  0      0 2109592  89144 1021880    0    0     0 14016 8317 14145 18  5 37 41  0  0 2026-09-21 15:50:47
19  0      0 2081532  89232 1022796    0    0     0  2400 7995 14143 59 11 28  3  0  0 2026-09-21 15:50:48
28  0      0 2061756  89236 1038500    0    0     0   276 4739 7866 93  7  0  0  0  0 2026-09-21 15:50:49
24  0      0 2037740  89244 1029792    0    0     0   312 4312 6969 93  7  0  0  0  0 2026-09-21 15:50:50
29  0      0 2005760  89256 1030372    0    0     0  8140 4557 7107 94  6  0  0  0  0 2026-09-21 15:50:51
20  0      0 1974520  89268 1029192    0    0     0  1028 4940 7857 94  6  0  0  0  0 2026-09-21 15:50:52
23  0      0 1985384  89456 1029416    0    0     0  3460 8404 16720 87 13  0  0  0  0 2026-09-21 15:50:53
30  0      0 1985192  89580 1030636    0    0     0  2452 7599 14586 88 12  0  0  0  0 2026-09-21 15:50:54
18  1      0 2008104  89752 1032740    0    0     0  2740 7007 12846 89 11  0  0  0  0 2026-09-21 15:50:55
34  0      0 2001356  89932 1036536    0    0     0  3548 7549 14309 88 13  0  0  0  0 2026-09-21 15:50:56
28  0      0 1991240  90172 1033948    0    0     0  3236 7960 15237 89 11  0  0  0  0 2026-09-21 15:50:57
17  1      0 1982300  90596 1038084    0    0     0  3924 7765 14716 88 12  0  0  0  0 2026-09-21 15:50:58
15  1      0 1975084  90972 1037108    0    0     0  3772 7438 14446 88 13  0  0  0  0 2026-09-21 15:50:59
21  0      0 1974924  91308 1040184    0    0     0  3916 7481 14374 89 11  0  0  0  0 2026-09-21 15:51:00
22  0      0 1976928  91636 1038248    0    0     0  4204 7681 15074 86 14  0  0  0  0 2026-09-21 15:51:01
26  0      0 1978640  91984 1042212    0    0     0  4564 8025 15434 88 12  0  0  0  0 2026-09-21 15:51:02
14  2      0 1988204  92256 1041076    0    0     0  4196 7704 15051 88 12  0  0  0  0 2026-09-21 15:51:03
23  1      0 1971704  92536 1043100    0    0     0  4172 7533 14315 89 12  0  0  0  0 2026-09-21 15:51:04
procs -----------memory---------- ---swap-- -----io---- -system-- -------cpu------- -----timestamp-----
 r  b   swpd   free   buff  cache   si   so    bi    bo   in   cs us sy id wa st gu                 UTC
18  0      0 1975996  92684 1047000    0    0     0  4668 8239 16167 89 12  0  0  0  0 2026-09-21 15:51:05
31  0      0 1974256  92904 1045204    0    0     0  4380 7760 15092 89 11  0  0  0  0 2026-09-21 15:51:07
14  2      0 1966352  93140 1047124    0    0     0  8396 7134 13390 89 11  0  0  0  0 2026-09-21 15:51:08
22  0      0 1953252  93348 1045028    0    0     0  5624 7487 14250 90 11  0  0  0  0 2026-09-21 15:51:09
25  1      0 1952176  93496 1048972    0    0     0 22996 6762 12708 89 11  0  0  0  0 2026-09-21 15:51:10
22  2      0 1951692  93656 1047852    0    0     0  4064 7882 15321 88 12  0  0  0  0 2026-09-21 15:51:11
30  1      0 1954772  93776 1050804    0    0     0  3648 7379 13767 89 12  0  0  0  0 2026-09-21 15:51:12
23  0      0 1982948  93944 1048684    0    0     0  3688 7630 14231 90 11  0  0  0  0 2026-09-21 15:51:13
40  0      0 1974652  94072 1052792    0    0     0  3384 6672 12235 90 10  0  0  0  0 2026-09-21 15:51:14
31  1      0 1952460  94228 1053568    0    0     0  2848 6098 10843 93  8  0  0  0  0 2026-09-21 15:51:15
23  1      0 1949476  94352 1053444    0    0     0  3360 6720 11983 92  8  0  0  0  0 2026-09-21 15:51:16
30  0      0 1964160  94464 1054508    0    0     0  3368 6527 11940 90 10  0  0  0  0 2026-09-21 15:51:17
32  0      0 1966532  94576 1053072    0    0     0  3508 7092 12985 90 10  0  0  0  0 2026-09-21 15:51:18
19  0      0 1965572  94776 1055972    0    0     0  3408 7293 13630 90 10  0  0  0  0 2026-09-21 15:51:19
24  1      0 1964608  94960 1056976    0    0     0  4144 7498 14106 89 11  0  0  0  0 2026-09-21 15:51:20
27  1      0 1948768  95152 1057728    0    0     0  3580 7348 13609 91  9  0  0  0  0 2026-09-21 15:51:21
47  1      0 1930088  95388 1057832    0    0     0  3352 7135 13319 90 10  0  0  0  0 2026-09-21 15:51:22
23  0      0 1937828  95620 1057444    0    0     0 17344 7275 13941 89 11  0  0  0  0 2026-09-21 15:51:23
31  0      0 1933288  95904 1062560    0    0     0  6892 7537 14202 89 12  0  0  0  0 2026-09-21 15:51:24
19  1      0 1937048  96060 1062440    0    0     0  3996 7452 14003 89 11  0  0  0  0 2026-09-21 15:51:25
32  0      0 1933840  96276 1062392    0    0     0  4296 6854 13209 92  9  0  0  0  0 2026-09-21 15:51:26
procs -----------memory---------- ---swap-- -----io---- -system-- -------cpu------- -----timestamp-----
 r  b   swpd   free   buff  cache   si   so    bi    bo   in   cs us sy id wa st gu                 UTC
38  1      0 1925608  96372 1062172    0    0     0  4304 7249 14220 90 11  0  0  0  0 2026-09-21 15:51:27
17  1      0 1949464  96516 1062136    0    0     0  5020 7621 15319 89 11  0  0  0  0 2026-09-21 15:51:28
31  1      0 1950868  96632 1063052    0    0     0  4056 7224 14040 91  9  0  0  0  0 2026-09-21 15:51:29
20  1      0 1939140  96760 1067132    0    0     0  4840 7394 13803 90 10  0  0  0  0 2026-09-21 15:51:30
42  0      0 1935436  96880 1066104    0    0     0  4016 7210 13627 89 11  0  0  0  0 2026-09-21 15:51:31
24  1      0 1927344  96988 1068972    0    0     0  4720 7092 13738 90 10  0  0  0  0 2026-09-21 15:51:32
16  1      0 1928240  97060 1066864    0    0     0  5596 7218 14164 89 11  0  0  0  0 2026-09-21 15:51:33
39  0      0 1928260  97148 1067780    0    0     0  4784 7745 15239 89 11  0  0  0  0 2026-09-21 15:51:34
52  0      0 1927532  97260 1077112    0    0     0  4752 8223 15601 90 11  0  0  0  0 2026-09-21 15:51:35
37  0      0 1930804  97360 1073048    0    0     0  4036 7818 13971 89 12  0  0  0  0 2026-09-21 15:51:36
24  0      0 1913512  97468 1073888    0    0     0  4116 7198 13597 90 10  0  0  0  0 2026-09-21 15:51:37
27  0      0 1899680  97560 1074580    0    0     0  3848 7439 13390 90 10  0  0  0  0 2026-09-21 15:51:38
28  0      0 1915468  97716 1070384    0    0     0  4016 7522 14231 90 10  0  0  0  0 2026-09-21 15:51:39
49  2      0 1923148  97872 1071748    0    0     0  5248 7802 15222 92  9  0  0  0  0 2026-09-21 15:51:40
18  0      0 1932012  98036 1077304    0    0     0 25796 7233 14074 89 11  0  0  0  0 2026-09-21 15:51:41
15  1      0 1923332  98188 1078332    0    0     0  4012 7102 13291 90 11  0  0  0  0 2026-09-21 15:51:42
34  2      0 1900304  98344 1079268    0    0     0  3852 6870 13175 90 11  0  0  0  0 2026-09-21 15:51:43
43  1      0 1870416  98464 1078000    0    0     0  4636 7452 14571 90 10  0  0  0  0 2026-09-21 15:51:44
18  0      0 1903304  98608 1075780    0    0     0  4560 7661 15798 88 12  0  0  0  0 2026-09-21 15:51:45
45  0      0 1917916  98664 1082096    0    0     0  4620 7319 14474 90 10  0  0  0  0 2026-09-21 15:51:46
22  3      0 1898216  98772 1082932    0    0     0  3456 7179 13285 92  8  0  0  0  0 2026-09-21 15:51:47
procs -----------memory---------- ---swap-- -----io---- -system-- -------cpu------- -----timestamp-----
 r  b   swpd   free   buff  cache   si   so    bi    bo   in   cs us sy id wa st gu                 UTC
18  0      0 1876904  98868 1083924    0    0     0  4588 7852 14941 91  9  0  0  0  0 2026-09-21 15:51:48
26  2      0 1851936  98936 1084600    0    0     0  3208 6359 11875 91 10  0  0  0  0 2026-09-21 15:51:49
24  0      0 1884680  98956 1080296    0    0     0   776 5106 8568 93  7  0  0  0  0 2026-09-21 15:51:50
16  0      0 1895108  98964 1081092    0    0     0   128 4622 7956 93  7  0  0  0  0 2026-09-21 15:51:51
34  0      0 1911200  98976 1081932    0    0     0   356 4747 8371 92  8  0  0  0  0 2026-09-21 15:51:52
37  0      0 1922820  98976 1082856    0    0     0   120 4792 7958 93  7  0  0  0  0 2026-09-21 15:51:53
 0  0      0 1929416  98984 1083284    0    0     0 17244 4144 6785 57  7 35  0  0  0 2026-09-21 15:51:54
