procs -----------memory---------- ---swap-- -----io---- -system-- -------cpu------- -----timestamp-----
 r  b   swpd   free   buff  cache   si   so    bi    bo   in   cs us sy id wa st gu                 UTC
 1  0      0 2915464  21724 424156    0    0   266    73 1655    2  2  2 96  0  0  0 2026-09-21 22:35:33
 0  0      0 2912268  21724 424164    0    0     0     0 1013 1229  2  3 95  0  0  0 2026-09-21 22:35:34
 0  0      0 2913728  21724 424168    0    0     0     0   44   49  0  0 100  0  0  0 2026-09-21 22:35:35
 0  0      0 2931652  21724 424172    0    0     0     0 4386 2814  3  2 96  0  0  0 2026-09-21 22:35:36
 0  0      0 2931936  21724 424172    0    0     0     0 2355 1136  1  1 97  0  0  0 2026-09-21 22:35:37
 0  0      0 2932440  21724 424176    0    0     0     0 5585 2859  2  2 96  0  0  0 2026-09-21 22:35:38
 0  0      0 2932232  21724 424180    0    0     0     0 7265 4165  3  3 94  0  0  0 2026-09-21 22:35:39
 0  0      0 2932424  21724 424188    0    0     0     0 9408 5428  5  4 91  0  0  0 2026-09-21 22:35:40
 0  0      0 2932488  21724 424232    0    0     0     0 8725 5257  4  4 92  0  0  0 2026-09-21 22:35:41
 0  0      0 2932936  21724 424232    0    0     0     0 11628 6481  8  5 87  0  0  0 2026-09-21 22:35:42
 0  0      0 2933000  21724 424348    0    0     0     0 14849 9807  9  7 84  0  0  0 2026-09-21 22:35:43
 1  0      0 2933576  21724 424424    0    0     0     0 17379 9734 14  9 78  0  0  0 2026-09-21 22:35:44
 0  0      0 2940872  21724 424644    0    0     0     0 21913 11577 16 10 74  0  0  0 2026-09-21 22:35:45
 0  0      0 2940232  21724 424724    0    0     0     0 23868 12276 17 13 70  0  0  0 2026-09-21 22:35:46
 0  0      0 2940012  21724 425016    0    0     0     0 24434 11424 21 14 65  0  0  0 2026-09-21 22:35:47
 3  0      0 2938164  21724 425236    0    0     0     0 30151 15049 28 23 49  0  0  0 2026-09-21 22:35:48
 0  0      0 2937040  21724 425544    0    0     0     0 32171 13558 35 23 42  0  0  0 2026-09-21 22:35:49
 2  0      0 2933648  21724 425904    0    0     0     0 35755 12985 36 28 36  0  0  0 2026-09-21 22:35:50
 3  0      0 2932360  21724 426408    0    0     0     0 37856 7259 54 32 14  0  0  0 2026-09-21 22:35:51
 3  0      0 2929996  21724 426744    0    0     0     0 39110 8707 49 32 19  0  0  0 2026-09-21 22:35:52
 2  0      0 2928272  21724 427220    0    0     0     0 38790 4953 57 34  9  0  0  0 2026-09-21 22:35:53
procs -----------memory---------- ---swap-- -----io---- -system-- -------cpu------- -----timestamp-----
 r  b   swpd   free   buff  cache   si   so    bi    bo   in   cs us sy id wa st gu                 UTC
 4  0      0 2927712  21724 427516    0    0     0     0 37024 5998 52 33 15  0  0  0 2026-09-21 22:35:54
 2  0      0 2927008  21724 428004    0    0     0     0 39972 7098 50 36 14  0  0  0 2026-09-21 22:35:55
 3  0      0 2925132  21724 428524    0    0     0    16 36093 5183 53 36 11  0  0  0 2026-09-21 22:35:56
 3  0      0 2922816  21732 429080    0    0     0   128 38882 5923 51 37 12  0  0  0 2026-09-21 22:35:57
 1  0      0 2922324  21732 429256    0    0     0     0 38715 5864 51 35 14  0  0  0 2026-09-21 22:35:58
 1  0      0 2918136  21732 429848    0    0     0     0 39505 7264 45 38 17  0  0  0 2026-09-21 22:35:59
 3  0      0 2916760  21732 429904    0    0     0  7660 39089 4936 51 36 14  0  0  0 2026-09-21 22:36:00
 3  0      0 2916484  21732 430352    0    0     0     0 40286 5312 48 38 14  0  0  0 2026-09-21 22:36:01
 1  0      0 2915992  21732 430756    0    0     0     0 38046 9184 41 33 26  0  0  0 2026-09-21 22:36:02
 2  0      0 2914864  21732 431032    0    0     0     0 41955 6009 52 35 12  0  0  0 2026-09-21 22:36:03
 2  0      0 2916224  21732 431448    0    0     0    28 38875 8246 44 35 21  0  0  0 2026-09-21 22:36:04
 0  0      0 2912820  21732 431576    0    0     0     0 38229 6129 47 36 16  0  0  0 2026-09-21 22:36:05
 2  0      0 2912820  21732 431948    0    0     0     0 41010 2282 53 43  4  0  0  0 2026-09-21 22:36:06
 2  0      0 2911412  21732 432380    0    0     0     0 38550 12220 34 30 37  0  0  0 2026-09-21 22:36:07
 2  0      0 2910324  21732 432380    0    0     0     0 38856 10538 38 32 31  0  0  0 2026-09-21 22:36:08
 2  0      0 2908228  21732 432640    0    0     0     0 39695 1549 58 43  0  0  0  0 2026-09-21 22:36:09
 1  0      0 2908020  21732 432992    0    0     0     0 39780 8139 42 35 23  0  0  0 2026-09-21 22:36:10
 2  0      0 2905820  21732 432992    0    0     0     0 39448 9402 39 34 28  0  0  0 2026-09-21 22:36:11
 2  0      0 2900952  21732 433352    0    0     0     0 37157 6431 47 37 16  0  0  0 2026-09-21 22:36:12
 2  0      0 2898168  21732 433628    0    0     0     0 39360 7770 42 39 20  0  0  0 2026-09-21 22:36:13
 2  0      0 2895240  21732 433744    0    0     0     0 38682 12007 33 32 35  0  0  0 2026-09-21 22:36:14
procs -----------memory---------- ---swap-- -----io---- -system-- -------cpu------- -----timestamp-----
 r  b   swpd   free   buff  cache   si   so    bi    bo   in   cs us sy id wa st gu                 UTC
 2  0      0 2893120  21732 433744    0    0     0     0 39429 9378 42 34 24  0  0  0 2026-09-21 22:36:15
 2  0      0 2888712  21732 434076    0    0     0     0 43920 2251 51 45  5  0  0  0 2026-09-21 22:36:16
 2  0      0 2887116  21732 434076    0    0     0     0 36661 9401 37 33 30  0  0  0 2026-09-21 22:36:17
 0  0      0 2884604  21732 434372    0    0     0     0 34920 7175 39 35 26  0  0  0 2026-09-21 22:36:18
 2  0      0 2881684  21732 434568    0    0     0     0 41006 6844 39 41 20  0  0  0 2026-09-21 22:36:19
 2  0      0 2879376  21732 434604    0    0     0     0 35922 12555 34 34 31  0  0  0 2026-09-21 22:36:20
 2  0      0 2879060  21732 434644    0    0     0     0 40463 12363 34 33 33  0  0  0 2026-09-21 22:36:21
 2  0      0 2872784  21732 434888    0    0     0     0 42708 4699 47 45  8  0  0  0 2026-09-21 22:36:22
 1  0      0 2869560  21732 435004    0    0     0     0 40079 12652 36 33 31  0  0  0 2026-09-21 22:36:23
 2  0      0 2865976  21732 435160    0    0     0     0 34182 13604 27 28 45  0  0  0 2026-09-21 22:36:24
 0  0      0 2865220  21732 435160    0    0     0     0 42061 5341 44 43 13  0  0  0 2026-09-21 22:36:25
 1  0      0 2865192  21740 435152    0    0     0    52 37203 9088 37 36 27  0  0  0 2026-09-21 22:36:26
 0  0      0 2859704  21740 435200    0    0     0   116 38503 10222 37 36 27  0  0  0 2026-09-21 22:36:27
 1  0      0 2851020  21740 435512    0    0     0     0 39712 6947 41 39 21  0  0  0 2026-09-21 22:36:28
 2  0      0 2849512  21740 435512    0    0     0     0 36772 11143 37 35 29  0  0  0 2026-09-21 22:36:29
 2  0      0 2848892  21740 435512    0    0     0     0 40240 9968 40 36 24  0  0  0 2026-09-21 22:36:30
 2  0      0 2848684  21740 435512    0    0     0     0 39742 7695 40 36 24  0  0  0 2026-09-21 22:36:31
 2  0      0 2842512  21740 435556    0    0     0  1308 40453 6946 45 40 15  0  0  0 2026-09-21 22:36:32
 2  0      0 2838860  21740 435776    0    0     0     0 37712 11642 33 33 34  0  0  0 2026-09-21 22:36:33
 3  0      0 2832444  21740 436028    0    0     0    36 39751 11792 36 35 30  0  0  0 2026-09-21 22:36:34
 0  0      0 2827256  21740 436224    0    0     0     0 39350 5943 43 42 15  0  0  0 2026-09-21 22:36:35
procs -----------memory---------- ---swap-- -----io---- -system-- -------cpu------- -----timestamp-----
 r  b   swpd   free   buff  cache   si   so    bi    bo   in   cs us sy id wa st gu                 UTC
 0  0      0 2826400  21740 436224    0    0     0     0 37055 11398 31 32 37  0  0  0 2026-09-21 22:36:36
 1  0      0 2826396  21740 436224    0    0     0     0 19158 6895 47  8 45  0  0  0 2026-09-21 22:36:37
 0  0      0 2826396  21740 436224    0    0     0     0 2665 1073  7  1 93  0  0  0 2026-09-21 22:36:38
 0  0      0 2826396  21740 436224    0    0     0     0  165   98  0  0 100  0  0  0 2026-09-21 22:36:39
 0  0      0 2826396  21740 436224    0    0     0     0  231  117  1  0 100  0  0  0 2026-09-21 22:36:40
 0  0      0 2826268  21740 436356    0    0     0    16  173  118  0  1 100  0  0  0 2026-09-21 22:36:41
 2  0      0 2773268  21740 429760    0    0     0     4 13332 1799 58 21 21  0  0  0 2026-09-21 22:36:42
21732 432992    0    0     0     0 41510 7717 44 37 19  0  0  0 2026-09-21 22:36:11
 2  0      0 2905020  21732 432992    0    0     0     0 38185 9131 39 34 28  0  0  0 2026-09-21 22:36:12
 1  0      0 2900952  21732 433352    0    0     0     0 37522 7853 44 35 21  0  0  0 2026-09-21 22:36:13
 2  0      0 2897968  21732 433628    0    0     0     0 39410 6355 44 41 15  0  0  0 2026-09-21 22:36:14
 2  0      0 2895240  21732 433744    0    0     0     0 39025 12097 33 31 35  0  0  0 2026-09-21 22:36:15
 2  0      0 2893120  21732 433744    0    0     0     0 39238 9276 43 34 24  0  0  0 2026-09-21 22:36:16
 1  0      0 2888712  21732 434076    0    0     0     0 44766 2377 51 45  5  0  0  0 2026-09-21 22:36:17
 2  0      0 2887116  21732 434076    0    0     0     0 35183 9272 37 34 29  0  0  0 2026-09-21 22:36:18
 0  0      0 2884604  21732 434372    0    0     0     0 36600 8579 37 34 28  0  0  0 2026-09-21 22:36:19
 2  0      0 2881684  21732 434568    0    0     0     0 39490 5454 41 41 18  0  0  0 2026-09-21 22:36:20
 1  0      0 2879376  21732 434604    0    0     0     0 36835 12629 33 35 31  0  0  0 2026-09-21 22:36:21
 3  0      0 2879060  21732 434644    0    0     0     0 40368 12312 34 33 33  0  0  0 2026-09-21 22:36:22
 0  0      0 2872784  21732 434884    0    0     0     0 41370 5617 45 42 13  0  0  0 2026-09-21 22:36:23
 1  0      0 2869560  21732 435004    0    0     0     0 41274 11910 38 36 26  0  0  0 2026-09-21 22:36:24
procs -----------memory---------- ---swap-- -----io---- -system-- -------cpu------- -----timestamp-----
 r  b   swpd   free   buff  cache   si   so    bi    bo   in   cs us sy id wa st gu                 UTC
 2  0      0 2865976  21732 435160    0    0     0     0 33986 13984 26 27 46  0  0  0 2026-09-21 22:36:25
 3  0      0 2865220  21732 435160    0    0     0     0 41328 5637 42 41 17  0  0  0 2026-09-21 22:36:26
 1  0      0 2860524  21740 435160    0    0     0    52 38183 8631 38 38 24  0  0  0 2026-09-21 22:36:27
 2  0      0 2859704  21740 435200    0    0     0   116 37876 10371 37 35 28  0  0  0 2026-09-21 22:36:28
 0  0      0 2851020  21740 435512    0    0     0     0 39765 7753 40 38 22  0  0  0 2026-09-21 22:36:29
 2  0      0 2849512  21740 435512    0    0     0     0 37666 9825 38 37 26  0  0  0 2026-09-21 22:36:30
 2  0      0 2848892  21740 435512    0    0     0     0 39389 10126 40 36 24  0  0  0 2026-09-21 22:36:31
 1  0      0 2848684  21740 435512    0    0     0     0 39628 8941 38 35 27  0  0  0 2026-09-21 22:36:32
 2  0      0 2841596  21740 435656    0    0     0  1308 41618 5578 46 42 12  0  0  0 2026-09-21 22:36:33
 2  0      0 2838860  21740 435776    0    0     0     0 36701 11647 33 33 34  0  0  0 2026-09-21 22:36:34
 2  0      0 2832444  21740 436028    0    0     0    36 39819 11843 35 34 30  0  0  0 2026-09-21 22:36:35
 0  0      0 2827204  21740 436224    0    0     0     0 38737 6772 41 40 20  0  0  0 2026-09-21 22:36:36
 0  0      0 2826400  21740 436224    0    0     0     0 37513 11434 32 32 35  0  0  0 2026-09-21 22:36:37
 1  0      0 2826396  21740 436224    0    0     0     0 17682 6156 48  7 46  0  0  0 2026-09-21 22:36:38
 0  0      0 2826396  21740 436224    0    0     0     0 1680  698  4  1 96  0  0  0 2026-09-21 22:36:39
 0  0      0 2826396  21740 436224    0    0     0     0  188  106  1  0 100  0  0  0 2026-09-21 22:36:40
 0  0      0 2826268  21740 436352    0    0     0    16  260  153  0  1 100  0  0  0 2026-09-21 22:36:41
 0  0      0 2826268  21740 436356    0    0     0     0  116   74  0  0 100  0  0  0 2026-09-21 22:36:42
 1  0      0 2773236  21740 429672    0    0     0     8 13829 2549 60 23 17  0  0  0 2026-09-21 22:36:43
