procs -----------memory---------- ---swap-- -----io---- -system-- -------cpu------- -----timestamp-----
 r  b   swpd   free   buff  cache   si   so    bi    bo   in   cs us sy id wa st gu                 UTC
 1  0      0 1499208  84044 2047328    0    0   206   820  448    2  4  1 94  1  0  0 2026-09-21 16:43:34
 0  0      0 1499660  84044 2047300    0    0     0     0  212  231  1  0 100  0  0  0 2026-09-21 16:43:35
 0  0      0 1502252  84044 2047300    0    0     0     0   37   57  0  0 100  0  0  0 2026-09-21 16:43:36
 0  0      0 1503504  84044 2047300    0    0     0     0   36   59  0  0 100  0  0  0 2026-09-21 16:43:37
 0  0      0 1503504  84044 2047300    0    0     0     0   54   57  0  0 100  0  0  0 2026-09-21 16:43:38
 0  0      0 1505044  84044 2047300    0    0     0     0   35   43  0  0 100  0  0  0 2026-09-21 16:43:39
 0  0      0 1506392  84044 2047300    0    0     0     0   33   45  0  0 100  0  0  0 2026-09-21 16:43:40
 0  0      0 1506504  84044 2047300    0    0     0     0   26   40  0  0 100  0  0  0 2026-09-21 16:43:41
 0  0      0 1506504  84044 2047300    0    0     0     0   41   43  0  0 100  0  0  0 2026-09-21 16:43:42
 0  0      0 1506504  84044 2047300    0    0     0     0   31   41  0  0 100  0  0  0 2026-09-21 16:43:43
 0  0      0 1506504  84044 2047300    0    0     0     0   44   47  0  0 100  0  0  0 2026-09-21 16:43:44
 0  0      0 1506504  84044 2047300    0    0     0     0   35   47  0  0 100  0  0  0 2026-09-21 16:43:45
 0  0      0 1506504  84044 2047300    0    0     0     0   35   46  0  0 100  0  0  0 2026-09-21 16:43:46
 0  0      0 1506504  84044 2047300    0    0     0     0   43   62  0  1 100  0  0  0 2026-09-21 16:43:47
 0  0      0 1506504  84044 2047300    0    0     0     0   26   37  0  0 100  0  0  0 2026-09-21 16:43:48
 0  0      0 1506504  84044 2047300    0    0     0     0   31   41  0  0 100  0  0  0 2026-09-21 16:43:49
 0  0      0 1506504  84044 2047300    0    0     0     0   73   68  0  0 100  0  0  0 2026-09-21 16:43:50
 0  0      0 1506504  84044 2047300    0    0     0     0   47   49  0  0 100  0  0  0 2026-09-21 16:43:51
 0  0      0 1506504  84044 2047300    0    0     0     0   41   58  0  0 100  0  0  0 2026-09-21 16:43:52
 1  0      0 1506504  84044 2047300    0    0     0     0   30   43  0  0 100  0  0  0 2026-09-21 16:43:53
 1  0      0 1506504  84044 2047300    0    0     0     0   42   49  0  0 100  0  0  0 2026-09-21 16:43:54
procs -----------memory---------- ---swap-- -----io---- -system-- -------cpu------- -----timestamp-----
 r  b   swpd   free   buff  cache   si   so    bi    bo   in   cs us sy id wa st gu                 UTC
 1  0      0 1506504  84044 2047300    0    0     0     0   25   42  0  0 100  0  0  0 2026-09-21 16:43:55
 1  0      0 1506504  84044 2047300    0    0     0     0   33   43  0  0 100  0  0  0 2026-09-21 16:43:56
 1  0      0 1506504  84044 2047300    0    0     0     0   35   49  0  0 100  0  0  0 2026-09-21 16:43:57
 2  0      0 1506504  84044 2047300    0    0     0     0   48   49  0  0 100  0  0  0 2026-09-21 16:43:58
 1  0      0 1506504  84044 2047300    0    0     0     0   29   40  0  0 100  0  0  0 2026-09-21 16:43:59
 1  0      0 1506504  84044 2047300    0    0     0     0   24   41  0  0 100  0  0  0 2026-09-21 16:44:00
 1  0      0 1507796  84064 2047280    0    0     0  9816  361  196  1  1 98  1  0  0 2026-09-21 16:44:01
 1  0      0 1507812  84064 2047300    0    0     0  2048   94   69  0  0 100  0  0  0 2026-09-21 16:44:02
 1  0      0 1507812  84064 2047300    0    0     0     0   27   43  0  0 100  0  0  0 2026-09-21 16:44:03
 1  0      0 1507812  84064 2047300    0    0     0     0   31   39  0  0 100  0  0  0 2026-09-21 16:44:04
 1  0      0 1507812  84064 2047300    0    0     0     0   27   39  0  0 100  0  0  0 2026-09-21 16:44:05
 1  0      0 1507812  84064 2047300    0    0     0     8   51   56  0  0 100  0  0  0 2026-09-21 16:44:06
 0  0      0 1507812  84064 2047300    0    0     0     0   35   50  0  1 100  0  0  0 2026-09-21 16:44:07
 0  0      0 1507812  84064 2047300    0    0     0     0   28   39  0  0 100  0  0  0 2026-09-21 16:44:08
 0  0      0 1507812  84064 2047304    0    0     0     0   36   43  0  0 100  0  0  0 2026-09-21 16:44:09
 0  0      0 1507812  84064 2047304    0    0     0     0   50   49  0  0 100  0  0  0 2026-09-21 16:44:10
 0  0      0 1507812  84064 2047304    0    0     0     0   30   37  0  0 100  0  0  0 2026-09-21 16:44:11
 0  0      0 1507812  84064 2047308    0    0     0     0   36   43  0  0 100  0  0  0 2026-09-21 16:44:12
 0  0      0 1507812  84064 2047308    0    0     0     0   28   34  0  1 100  0  0  0 2026-09-21 16:44:13
 0  0      0 1507812  84064 2047308    0    0     0     0   43   45  0  0 100  0  0  0 2026-09-21 16:44:14
 0  0      0 1507812  84064 2047308    0    0     0     0   30   33  0  0 100  0  0  0 2026-09-21 16:44:15
procs -----------memory---------- ---swap-- -----io---- -system-- -------cpu------- -----timestamp-----
 r  b   swpd   free   buff  cache   si   so    bi    bo   in   cs us sy id wa st gu                 UTC
 0  0      0 1507812  84064 2047308    0    0     0     0   31   41  0  0 100  0  0  0 2026-09-21 16:44:16
 0  0      0 1507812  84064 2047308    0    0     0     0   32   43  0  0 100  0  0  0 2026-09-21 16:44:17
 0  0      0 1507812  84064 2047308    0    0     0     0   43   44  0  0 100  0  0  0 2026-09-21 16:44:18
 0  0      0 1507812  84064 2047308    0    0     0     0   31   35  0  0 100  0  0  0 2026-09-21 16:44:19
 0  0      0 1507812  84064 2047308    0    0     0     0   28   36  0  0 100  0  0  0 2026-09-21 16:44:20
 0  0      0 1507812  84064 2047308    0    0     0     0   29   41  0  0 100  0  0  0 2026-09-21 16:44:21
 0  0      0 1507812  84064 2047308    0    0     0     0   50   51  0  0 100  0  0  0 2026-09-21 16:44:22
 0  0      0 1507812  84064 2047308    0    0     0     0   28   34  0  0 100  0  0  0 2026-09-21 16:44:23
 0  0      0 1507812  84064 2047308    0    0     0     0   36   48  0  0 100  0  0  0 2026-09-21 16:44:24
 0  0      0 1507812  84064 2047308    0    0     0     0   28   39  0  0 100  0  0  0 2026-09-21 16:44:25
 0  0      0 1507812  84064 2047308    0    0     0     0   44   49  0  0 100  0  0  0 2026-09-21 16:44:26
 0  0      0 1507812  84064 2047308    0    0     0     0   35   42  0  0 100  0  0  0 2026-09-21 16:44:27
 0  0      0 1507812  84064 2047308    0    0     0     0   26   30  0  0 100  0  0  0 2026-09-21 16:44:28
 0  0      0 1507812  84064 2047308    0    0     0     0   27   43  0  0 100  0  0  0 2026-09-21 16:44:29
 0  0      0 1507812  84064 2047308    0    0     0     0   44   47  0  0 100  0  0  0 2026-09-21 16:44:30
 0  0      0 1507812  84068 2047304    0    0     0    44   32   44  0  0 100  0  0  0 2026-09-21 16:44:31
 0  0      0 1507812  84068 2047308    0    0     0     0   35   43  0  0 100  0  0  0 2026-09-21 16:44:32
 0  0      0 1507812  84068 2047308    0    0     0     0   30   39  0  0 100  0  0  0 2026-09-21 16:44:33
 0  0      0 1507812  84068 2047308    0    0     0     0   39   43  0  0 100  0  0  0 2026-09-21 16:44:34
 0  0      0 1507812  84068 2047308    0    0     0     0   57   62  0  0 100  0  0  0 2026-09-21 16:44:35
 0  0      0 1507812  84068 2047308    0    0     0     0   47   69  0  0 100  0  0  0 2026-09-21 16:44:36
procs -----------memory---------- ---swap-- -----io---- -system-- -------cpu------- -----timestamp-----
 r  b   swpd   free   buff  cache   si   so    bi    bo   in   cs us sy id wa st gu                 UTC
 0  0      0 1507812  84068 2047308    0    0     0     0   29   50  1  0 100  0  0  0 2026-09-21 16:44:37
 0  0      0 1507812  84068 2047308    0    0     0    16   73   65  0  0 100  0  0  0 2026-09-21 16:44:38
 0  0      0 1507812  84068 2047308    0    0     0     0   31   39  0  0 100  0  0  0 2026-09-21 16:44:39
 0  0      0 1507812  84068 2047308    0    0     0     0   35   51  0  0 100  0  0  0 2026-09-21 16:44:40
 0  0      0 1507812  84068 2047308    0    0     0     0   39   43  0  0 100  0  0  0 2026-09-21 16:44:41
 0  0      0 1507812  84068 2047308    0    0     0     0   39   51  0  0 100  0  0  0 2026-09-21 16:44:42
 0  0      0 1480140  84076 2047304    0    0     0    48  960 1013 14  3 82  0  0  0 2026-09-21 16:44:43
