procs -----------memory---------- ---swap-- -----io---- -system-- -------cpu------- -----timestamp-----
 r  b   swpd   free   buff  cache   si   so    bi    bo   in   cs us sy id wa st gu                 UTC
 1  0      0 1487936 103836 2008504    0    0   173  2221 8943   53 22 10 67  1  0  0 2026-09-21 16:43:34
 1  0      0 1487692 103836 2008436    0    0     0     0 1355 1502  6  3 91  0  0  0 2026-09-21 16:43:35
 1  0      0 1466408 103836 2008448    0    0     0     0  693  497  7  2 91  0  0  0 2026-09-21 16:43:36
 0  0      0 1481580 103836 2008448    0    0     0     0  649  527  6  1 93  0  0  0 2026-09-21 16:43:37
 0  0      0 1480740 103836 2008752    0    0     0     0 12054 12435 15  7 78  0  0  0 2026-09-21 16:43:38
 0  0      0 1478976 103836 2009032    0    0     0     0 12742 14243 12 10 78  0  0  0 2026-09-21 16:43:39
 0  0      0 1483980 103836 2009660    0    0     0     0 17320 20434 19 12 68  0  0  0 2026-09-21 16:43:40
 5  0      0 1481344 103836 2010388    0    0     0     0 19624 23634 22 15 63  0  0  0 2026-09-21 16:43:41
 3  0      0 1481532 103836 2011048    0    0     0     0 22278 25512 21 19 60  0  0  0 2026-09-21 16:43:42
 3  0      0 1483192 103836 2012040    0    0     0  3000 22621 24834 25 20 55  0  0  0 2026-09-21 16:43:43
 3  0      0 1481512 103836 2013060    0    0     0     0 25898 26987 29 23 48  0  0  0 2026-09-21 16:43:44
 2  0      0 1482008 103836 2013872    0    0     0     0 25277 26924 28 24 48  0  0  0 2026-09-21 16:43:45
 6  0      0 1479164 103836 2014820    0    0     0     0 29028 30296 29 25 46  0  0  0 2026-09-21 16:43:46
 4  0      0 1479636 103836 2016128    0    0     0     0 30509 30063 34 29 37  0  0  0 2026-09-21 16:43:47
 2  0      0 1476580 103836 2017340    0    0     0  4952 31623 29329 35 32 34  0  0  0 2026-09-21 16:43:48
 5  0      0 1476324 103836 2018360    0    0     0     0 30788 31591 37 29 34  0  0  0 2026-09-21 16:43:49
 3  0      0 1476332 103836 2019692    0    0     0     0 33498 32241 39 33 28  0  0  0 2026-09-21 16:43:50
 1  0      0 1476080 103836 2021040    0    0     0     0 33997 32602 39 35 26  0  0  0 2026-09-21 16:43:51
 6  0      0 1474820 103836 2022428    0    0     0     0 32656 30137 44 34 22  0  0  0 2026-09-21 16:43:52
 7  0      0 1474820 103836 2023576    0    0     0  6364 33110 30290 40 35 24  1  0  0 2026-09-21 16:43:53
 1  0      0 1475524 103836 2025076    0    0     0     0 33766 29489 44 36 19  0  0  0 2026-09-21 16:43:54
procs -----------memory---------- ---swap-- -----io---- -system-- -------cpu------- -----timestamp-----
 r  b   swpd   free   buff  cache   si   so    bi    bo   in   cs us sy id wa st gu                 UTC
 6  0      0 1472752 103836 2026620    0    0     0     0 34747 27568 45 37 18  0  0  0 2026-09-21 16:43:55
 6  0      0 1472232 103836 2028256    0    0     0     0 36870 27608 44 41 15  0  0  0 2026-09-21 16:43:56
 5  0      0 1468740 103836 2029944    0    0     0     0 32671 24844 46 39 14  0  0  0 2026-09-21 16:43:57
 6  0      0 1468552 103836 2031584    0    0     0  7824 32866 22666 48 41 12  0  0  0 2026-09-21 16:43:58
 4  0      0 1465312 103836 2033232    0    0     0     0 33615 21630 50 39 11  0  0  0 2026-09-21 16:43:59
 4  0      0 1462264 103836 2035224    0    0     0     0 33640 18259 52 41  8  0  0  0 2026-09-21 16:44:00
 3  0      0 1457676 103836 2036928    0    0     0     0 32608 20494 49 41 10  0  0  0 2026-09-21 16:44:01
 4  0      0 1455224 103836 2038628    0    0     0   164 33475 22077 46 42 11  0  0  0 2026-09-21 16:44:02
 4  0      0 1454844 103836 2040212    0    0     0 19336 35267 17053 52 42  6  1  0  0 2026-09-21 16:44:03
 5  0      0 1455496 103836 2041988    0    0     0     4 32737 20957 48 43  9  0  0  0 2026-09-21 16:44:04
 4  0      0 1449984 103836 2043792    0    0     0     0 32313 16736 50 42  8  0  0  0 2026-09-21 16:44:05
 3  0      0 1447956 103836 2045420    0    0     0    20 32705 18604 49 44  8  0  0  0 2026-09-21 16:44:06
 4  0      0 1446008 103836 2047148    0    0     0     0 31565 17851 50 41  9  0  0  0 2026-09-21 16:44:07
 4  0      0 1446536 103836 2048892    0    0     0  8592 33331 18164 49 42  8  1  0  0 2026-09-21 16:44:08
 4  0      0 1443584 103836 2050564    0    0     0     0 30797 14845 51 42  7  0  0  0 2026-09-21 16:44:09
 2  0      0 1442304 103836 2052260    0    0     0     0 31236 16708 50 42  9  0  0  0 2026-09-21 16:44:10
 5  0      0 1440504 103836 2054056    0    0     0     0 31288 15701 50 41  9  0  0  0 2026-09-21 16:44:11
 4  0      0 1437548 103836 2055844    0    0     0     0 32569 13479 53 42  5  0  0  0 2026-09-21 16:44:12
 4  0      0 1436176 103836 2057408    0    0     0  8812 34913 16631 48 44  8  0  0  0 2026-09-21 16:44:13
 5  0      0 1431204 103836 2059396    0    0     0     0 31719 13247 53 43  4  0  0  0 2026-09-21 16:44:14
 4  0      0 1430132 103836 2061284    0    0     0     0 32306 13778 53 42  6  0  0  0 2026-09-21 16:44:15
procs -----------memory---------- ---swap-- -----io---- -system-- -------cpu------- -----timestamp-----
 r  b   swpd   free   buff  cache   si   so    bi    bo   in   cs us sy id wa st gu                 UTC
 4  0      0 1426752 103836 2063404    0    0     0     0 32032 13059 52 45  2  0  0  0 2026-09-21 16:44:16
 5  0      0 1422832 103836 2065468    0    0     0     0 30860 11202 54 44  3  0  0  0 2026-09-21 16:44:17
 3  0      0 1421012 103836 2067404    0    0     0     0 31990 14205 52 43  5  0  0  0 2026-09-21 16:44:18
 4  0      0 1417852 103836 2069440    0    0     0  9996 31616 12592 52 44  5  0  0  0 2026-09-21 16:44:19
 5  0      0 1416484 103836 2071500    0    0     0     0 30117 10350 52 45  4  0  0  0 2026-09-21 16:44:20
 5  0      0 1414740 103836 2073328    0    0     0     0 31429 11630 52 44  4  0  0  0 2026-09-21 16:44:21
 3  0      0 1412684 103836 2075388    0    0     0     0 31488 12160 51 46  3  0  0  0 2026-09-21 16:44:22
 6  0      0 1410012 103836 2077500    0    0     0     0 31455 10521 53 44  4  0  0  0 2026-09-21 16:44:23
 3  0      0 1407996 103836 2079484    0    0     0 10148 28126 9712 51 46  3  0  0  0 2026-09-21 16:44:24
 3  0      0 1406928 103836 2081360    0    0     0  2140 29964 13385 52 44  5  0  0  0 2026-09-21 16:44:25
 4  0      0 1403964 103836 2083460    0    0     0     0 31983 10900 53 44  3  0  0  0 2026-09-21 16:44:26
 3  0      0 1400084 103836 2085784    0    0     0     0 29929 10239 52 45  4  0  0  0 2026-09-21 16:44:27
 4  0      0 1397572 103836 2087620    0    0     0     0 29733 10180 50 45  5  0  0  0 2026-09-21 16:44:28
 1  0      0 1396544 103836 2089560    0    0     0 10180 31938 12841 51 45  4  1  0  0 2026-09-21 16:44:29
 5  0      0 1395088 103836 2091692    0    0     0     0 31695 9013 52 46  2  0  0  0 2026-09-21 16:44:30
 4  0      0 1392072 103836 2093944    0    0     0     0 29876 10895 55 43  1  0  0  0 2026-09-21 16:44:31
 5  0      0 1388300 103836 2096020    0    0     0    48 27513 8225 54 44  3  0  0  0 2026-09-21 16:44:32
 4  0      0 1387308 103836 2098108    0    0     0     0 29285 8224 53 45  3  0  0  0 2026-09-21 16:44:33
 4  0      0 1384796 103836 2100132    0    0     0 10624 30433 10677 55 43  1  2  0  0 2026-09-21 16:44:34
 4  0      0 1383276 103836 2102432    0    0     0     0 29253 5935 56 43  1  0  0  0 2026-09-21 16:44:35
 5  0      0 1379272 103836 2104396    0    0     0  1624 27765 5190 58 42  0  0  0  0 2026-09-21 16:44:36
procs -----------memory---------- ---swap-- -----io---- -system-- -------cpu------- -----timestamp-----
 r  b   swpd   free   buff  cache   si   so    bi    bo   in   cs us sy id wa st gu                 UTC
 2  0      0 1377492 103836 2106468    0    0     0     4 27849 6781 53 46  2  0  0  0 2026-09-21 16:44:37
 5  0      0 1376420 103836 2108308    0    0     0    28 24572 14874 43 43 14  0  0  0 2026-09-21 16:44:38
 0  0      0 1376172 103836 2109844    0    0     0  9824 21358 19286 41 35 24  0  0  0 2026-09-21 16:44:39
 5  0      0 1376172 103836 2111252    0    0     0     0 19053 17674 37 37 26  0  0  0 2026-09-21 16:44:40
 2  0      0 1375672 103836 2112628    0    0     0     0 19863 17677 37 34 29  0  0  0 2026-09-21 16:44:41
 3  0      0 1375672 103836 2114056    0    0     0     0 20400 19256 40 36 25  0  0  0 2026-09-21 16:44:42
