procs -----------memory---------- ---swap-- -----io---- -system-- -------cpu------- -----timestamp-----
 r  b   swpd   free   buff  cache   si   so    bi    bo   in   cs us sy id wa st gu                 UTC
 1  0      0 1507684  83672 2044704    0    0   478  1618  868    5  8  2 88  2  0  0 2026-09-21 16:06:29
 0  0      0 1507700  83672 2044652    0    0     0  8820  266  314  1  0 99  1  0  0 2026-09-21 16:06:30
 0  0      0 1507700  83672 2044652    0    0     0     0   42   45  0  0 100  0  0  0 2026-09-21 16:06:31
 0  0      0 1507776  83672 2044652    0    0     0     0   39   48  0  0 100  0  0  0 2026-09-21 16:06:32
 0  0      0 1509124  83672 2044652    0    0     0     0   37   51  0  0 100  0  0  0 2026-09-21 16:06:33
 0  0      0 1509124  83672 2044652    0    0     0    28   47   53  0  0 100  0  0  0 2026-09-21 16:06:34
 0  0      0 1509224  83672 2044652    0    0     0     0   33   43  0  0 100  0  0  0 2026-09-21 16:06:35
 0  0      0 1509224  83672 2044652    0    0     0     0   63   69  0  0 100  0  0  0 2026-09-21 16:06:36
 0  0      0 1509224  83672 2044652    0    0     0     0   42   55  0  0 100  0  0  0 2026-09-21 16:06:37
 0  0      0 1509224  83672 2044652    0    0     0     0   45   50  0  0 100  0  0  0 2026-09-21 16:06:38
 0  0      0 1509788  83672 2044652    0    0     0     0   32   40  0  0 100  0  0  0 2026-09-21 16:06:39
 0  0      0 1509788  83672 2044652    0    0     0     0   38   45  0  0 100  0  0  0 2026-09-21 16:06:40
 0  0      0 1509788  83672 2044652    0    0     0     0   28   48  0  1 100  0  0  0 2026-09-21 16:06:41
 0  0      0 1509788  83672 2044652    0    0     0     0   42   51  0  0 100  0  0  0 2026-09-21 16:06:42
 0  0      0 1509788  83672 2044652    0    0     0     0   32   39  0  0 100  0  0  0 2026-09-21 16:06:43
 0  0      0 1509788  83672 2044652    0    0     0     0   35   43  0  0 100  0  0  0 2026-09-21 16:06:44
 0  0      0 1509788  83672 2044652    0    0     0   236   50   51  0  0 100  0  0  0 2026-09-21 16:06:45
 1  0      0 1509788  83672 2044652    0    0     0  1408   66   66  1  0 100  0  0  0 2026-09-21 16:06:46
 1  0      0 1509788  83672 2044652    0    0     0     0   33   41  0  0 100  0  0  0 2026-09-21 16:06:47
 1  0      0 1509788  83672 2044652    0    0     0     0   41   48  0  0 100  0  0  0 2026-09-21 16:06:48
 1  0      0 1509788  83672 2044652    0    0     0    12   41   47  0  0 100  0  0  0 2026-09-21 16:06:49
procs -----------memory---------- ---swap-- -----io---- -system-- -------cpu------- -----timestamp-----
 r  b   swpd   free   buff  cache   si   so    bi    bo   in   cs us sy id wa st gu                 UTC
 1  0      0 1509788  83672 2044652    0    0     0     0   66   59  0  0 100  0  0  0 2026-09-21 16:06:50
 1  0      0 1509788  83672 2044652    0    0     0     0   34   42  0  0 99  0  0  0 2026-09-21 16:06:51
 1  0      0 1509788  83672 2044652    0    0     0   216   41   58  0  0 100  1  0  0 2026-09-21 16:06:52
 1  0      0 1509788  83672 2044652    0    0     0     8   46   49  0  0 100  0  0  0 2026-09-21 16:06:53
 1  0      0 1509788  83672 2044652    0    0     0     0   59   71  0  0 100  0  0  0 2026-09-21 16:06:54
 1  0      0 1509788  83672 2044652    0    0     0     0   45   46  0  0 100  0  0  0 2026-09-21 16:06:55
 1  0      0 1509788  83672 2044652    0    0     0     0   33   50  0  0 100  0  0  0 2026-09-21 16:06:56
 1  0      0 1509788  83672 2044652    0    0     0     0   30   43  1  0 100  0  0  0 2026-09-21 16:06:57
 1  0      0 1509788  83672 2044652    0    0     0     0   48   52  0  0 100  0  0  0 2026-09-21 16:06:58
 1  0      0 1509788  83672 2044652    0    0     0     0   30   36  0  0 100  0  0  0 2026-09-21 16:06:59
 1  0      0 1509788  83672 2044652    0    0     0     0   25   37  0  0 100  0  0  0 2026-09-21 16:07:00
 0  0      0 1509788  83672 2044652    0    0     0     8   30   43  0  0 100  0  0  0 2026-09-21 16:07:01
 0  0      0 1509536  83672 2044652    0    0     0     0  131  118  0  0 99  0  0  0 2026-09-21 16:07:02
 0  0      0 1509536  83672 2044652    0    0     0     0   25   37  0  0 100  0  0  0 2026-09-21 16:07:03
 0  0      0 1509536  83672 2044656    0    0     0     0   43   52  0  0 100  0  0  0 2026-09-21 16:07:04
 0  0      0 1509536  83672 2044656    0    0     0     0   31   41  0  0 100  0  0  0 2026-09-21 16:07:05
 0  0      0 1509536  83672 2044656    0    0     0     0   50   57  0  0 100  0  0  0 2026-09-21 16:07:06
 0  0      0 1509536  83672 2044660    0    0     0     0   57   59  0  0 100  0  0  0 2026-09-21 16:07:07
 0  0      0 1509536  83672 2044660    0    0     0     0  101   85  0  0 100  0  0  0 2026-09-21 16:07:08
 0  0      0 1509536  83672 2044660    0    0     0     0   62   53  0  0 100  0  0  0 2026-09-21 16:07:09
 0  0      0 1509536  83672 2044660    0    0     0     0   37   48  0  0 100  0  0  0 2026-09-21 16:07:10
procs -----------memory---------- ---swap-- -----io---- -system-- -------cpu------- -----timestamp-----
 r  b   swpd   free   buff  cache   si   so    bi    bo   in   cs us sy id wa st gu                 UTC
 0  0      0 1509536  83672 2044660    0    0     0     0   31   39  0  0 100  0  0  0 2026-09-21 16:07:11
 0  0      0 1509536  83672 2044660    0    0     0     0   50   60  0  0 100  0  0  0 2026-09-21 16:07:12
 0  0      0 1509536  83672 2044660    0    0     0     0   35   41  0  0 100  0  0  0 2026-09-21 16:07:13
 0  0      0 1509536  83672 2044660    0    0     0     0   39   46  1  0 100  0  0  0 2026-09-21 16:07:14
 0  0      0 1509536  83672 2044660    0    0     0     0   34   35  0  0 100  0  0  0 2026-09-21 16:07:15
 0  0      0 1509536  83672 2044660    0    0     0     0   34   46  0  0 100  0  0  0 2026-09-21 16:07:16
 0  0      0 1509536  83672 2044660    0    0     0     0   44   45  0  1 100  0  0  0 2026-09-21 16:07:17
 0  0      0 1509536  83672 2044660    0    0     0     0   39   46  0  0 100  0  0  0 2026-09-21 16:07:18
 0  0      0 1509536  83672 2044660    0    0     0     0   28   30  0  0 100  0  0  0 2026-09-21 16:07:19
 0  0      0 1509536  83672 2044660    0    0     0     0   32   43  0  0 100  0  0  0 2026-09-21 16:07:20
 0  0      0 1509536  83672 2044660    0    0     0     0   29   37  0  0 99  0  0  0 2026-09-21 16:07:21
 0  0      0 1509536  83680 2044652    0    0     0    52   44   62  0  0 100  0  0  0 2026-09-21 16:07:22
 0  0      0 1509536  83680 2044660    0    0     0   204   48   43  0  0 100  0  0  0 2026-09-21 16:07:23
 0  0      0 1509536  83680 2044660    0    0     0     0   41   44  0  0 100  0  0  0 2026-09-21 16:07:24
 0  0      0 1509536  83680 2044660    0    0     0     0   42   46  0  0 100  0  0  0 2026-09-21 16:07:25
 0  0      0 1509536  83680 2044660    0    0     0     0   43   43  0  0 100  0  0  0 2026-09-21 16:07:26
 0  0      0 1509536  83680 2044660    0    0     0     0   32   42  0  0 100  0  0  0 2026-09-21 16:07:27
 0  0      0 1509536  83680 2044660    0    0     0     0   41   54  0  0 100  0  0  0 2026-09-21 16:07:28
 0  0      0 1509536  83680 2044660    0    0     0     0   29   45  0  0 100  0  0  0 2026-09-21 16:07:29
 0  0      0 1509536  83680 2044660    0    0     0     0   37   40  0  1 100  0  0  0 2026-09-21 16:07:30
 0  0      0 1509536  83680 2044660    0    0     0     0   24   37  0  0 100  0  0  0 2026-09-21 16:07:31
procs -----------memory---------- ---swap-- -----io---- -system-- -------cpu------- -----timestamp-----
 r  b   swpd   free   buff  cache   si   so    bi    bo   in   cs us sy id wa st gu                 UTC
 0  0      0 1509536  83680 2044660    0    0     0    16   42   50  0  0 100  0  0  0 2026-09-21 16:07:32
 0  0      0 1509536  83680 2044660    0    0     0  1400   65   63  0  0 100  0  0  0 2026-09-21 16:07:33
 0  0      0 1509536  83680 2044660    0    0     0     0   36   45  0  0 100  0  0  0 2026-09-21 16:07:34
 0  0      0 1509536  83680 2044660    0    0     0     0   27   32  0  0 100  0  0  0 2026-09-21 16:07:35
 0  0      0 1509536  83680 2044660    0    0     0     0   31   39  0  0 100  0  0  0 2026-09-21 16:07:36
 0  0      0 1509536  83680 2044660    0    0     0     0   36   42  0  0 100  0  0  0 2026-09-21 16:07:37
 0  0      0 1482572  83680 2044664    0    0     0     4 1035 1099 14  4 82  0  0  0 2026-09-21 16:07:38
