procs -----------memory---------- ---swap-- -----io---- -system-- -------cpu------- -----timestamp-----
 r  b   swpd   free   buff  cache   si   so    bi    bo   in   cs us sy id wa st gu                 UTC
 1  0      0 1508060  83908 2046216    0    0   268   999  542    3  5  1 93  1  0  0 2026-09-21 16:28:29
 0  0      0 1508060  83908 2046188    0    0     0     0  157  203  1  0 100  0  0  0 2026-09-21 16:28:30
 0  0      0 1508060  83908 2046188    0    0     0     0   49   55  0  0 100  0  0  0 2026-09-21 16:28:31
 0  0      0 1508060  83908 2046188    0    0     0  4768   66   95  0  0 99  0  0  0 2026-09-21 16:28:32
 0  0      0 1508060  83908 2046188    0    0     0     8   39   58  0  0 100  0  0  0 2026-09-21 16:28:33
 0  0      0 1508060  83908 2046188    0    0     0     0   35   38  0  0 100  0  0  0 2026-09-21 16:28:34
 0  0      0 1508060  83908 2046188    0    0     0     0   75   70  0  0 100  0  0  0 2026-09-21 16:28:35
 0  0      0 1508060  83908 2046188    0    0     0     0   26   35  0  0 100  0  0  0 2026-09-21 16:28:36
 0  0      0 1508060  83908 2046188    0    0     0     0   33   42  0  0 100  0  0  0 2026-09-21 16:28:37
 0  0      0 1508060  83908 2046188    0    0     0     0   29   42  0  0 100  0  0  0 2026-09-21 16:28:38
 0  0      0 1508060  83908 2046188    0    0     0     0   39   51  0  0 100  0  0  0 2026-09-21 16:28:39
 0  0      0 1508060  83908 2046188    0    0     0     0   25   29  0  0 100  0  0  0 2026-09-21 16:28:40
 0  0      0 1508060  83908 2046188    0    0     0     0   31   47  0  0 100  0  0  0 2026-09-21 16:28:41
 0  0      0 1508060  83908 2046188    0    0     0     0   46   51  0  0 100  0  0  0 2026-09-21 16:28:42
 0  0      0 1508060  83908 2046188    0    0     0     0   44   57  0  0 100  0  0  0 2026-09-21 16:28:43
 0  0      0 1508060  83908 2046188    0    0     0     0   57   58  0  1 100  0  0  0 2026-09-21 16:28:44
 0  0      0 1508060  83908 2046188    0    0     0     0   29   45  0  0 100  0  0  0 2026-09-21 16:28:45
 0  0      0 1508060  83908 2046188    0    0     0     0   28   39  0  0 100  0  0  0 2026-09-21 16:28:46
 0  0      0 1508060  83908 2046188    0    0     0     0   44   55  0  0 100  0  0  0 2026-09-21 16:28:47
 1  0      0 1508060  83908 2046188    0    0     0  4556   83  106  0  1 99  1  0  0 2026-09-21 16:28:48
 2  0      0 1508060  83908 2046188    0    0     0     0   41   47  0  0 100  0  0  0 2026-09-21 16:28:49
procs -----------memory---------- ---swap-- -----io---- -system-- -------cpu------- -----timestamp-----
 r  b   swpd   free   buff  cache   si   so    bi    bo   in   cs us sy id wa st gu                 UTC
 1  0      0 1508060  83908 2046188    0    0     0     0   34   41  0  0 100  0  0  0 2026-09-21 16:28:50
 1  0      0 1508060  83908 2046188    0    0     0     0   50   49  0  0 100  0  0  0 2026-09-21 16:28:51
 1  0      0 1508060  83908 2046188    0    0     0     0   22   29  0  0 100  0  0  0 2026-09-21 16:28:52
 1  0      0 1508060  83908 2046188    0    0     0     0   48   63  0  0 100  0  0  0 2026-09-21 16:28:53
 1  0      0 1508060  83908 2046188    0    0     0     0   27   35  0  0 100  0  0  0 2026-09-21 16:28:54
 1  0      0 1508060  83908 2046188    0    0     0     0   55   54  0  0 100  0  0  0 2026-09-21 16:28:55
 1  0      0 1508060  83908 2046188    0    0     0     0   20   30  0  0 100  0  0  0 2026-09-21 16:28:56
 1  0      0 1508060  83908 2046188    0    0     0     0   40   41  0  1 100  0  0  0 2026-09-21 16:28:57
 1  0      0 1508060  83908 2046188    0    0     0     0   25   38  0  0 100  0  0  0 2026-09-21 16:28:58
 1  0      0 1508060  83908 2046188    0    0     0     0   40   54  0  0 100  0  0  0 2026-09-21 16:28:59
 1  0      0 1508060  83908 2046188    0    0     0     0   28   34  0  0 100  0  0  0 2026-09-21 16:29:00
 0  0      0 1508060  83912 2046184    0    0     0    80  124  145  0  1 100  0  0  0 2026-09-21 16:29:01
 0  0      0 1508060  83912 2046192    0    0     0     0   40   44  0  0 100  0  0  0 2026-09-21 16:29:02
 0  0      0 1508060  83912 2046192    0    0     0     8   54   62  0  0 99  0  0  0 2026-09-21 16:29:03
 0  0      0 1508060  83912 2046192    0    0     0     0   34   34  0  0 100  0  0  0 2026-09-21 16:29:04
 0  0      0 1508060  83912 2046196    0    0     0     0   32   48  0  0 100  0  0  0 2026-09-21 16:29:05
 0  0      0 1508060  83912 2046200    0    0     0     0   31   42  0  0 100  0  0  0 2026-09-21 16:29:06
 0  0      0 1508060  83912 2046200    0    0     0     0   40   47  0  0 100  0  0  0 2026-09-21 16:29:07
 0  0      0 1508060  83912 2046200    0    0     0     0   27   40  0  1 100  0  0  0 2026-09-21 16:29:08
 0  0      0 1508060  83912 2046200    0    0     0     0   24   34  0  0 100  0  0  0 2026-09-21 16:29:09
 0  0      0 1508060  83912 2046200    0    0     0     0   34   41  0  0 100  0  0  0 2026-09-21 16:29:10
procs -----------memory---------- ---swap-- -----io---- -system-- -------cpu------- -----timestamp-----
 r  b   swpd   free   buff  cache   si   so    bi    bo   in   cs us sy id wa st gu                 UTC
 0  0      0 1508060  83912 2046200    0    0     0     0   43   52  1  0 100  0  0  0 2026-09-21 16:29:11
 0  0      0 1508060  83912 2046200    0    0     0     0   25   34  0  0 100  0  0  0 2026-09-21 16:29:12
 0  0      0 1508060  83912 2046200    0    0     0     0   35   47  0  0 100  0  0  0 2026-09-21 16:29:13
 0  0      0 1508060  83912 2046200    0    0     0     0   27   36  0  0 100  0  0  0 2026-09-21 16:29:14
 0  0      0 1508060  83912 2046200    0    0     0     0   34   47  0  0 100  0  0  0 2026-09-21 16:29:15
 0  0      0 1508060  83912 2046200    0    0     0     0   28   33  0  0 100  0  0  0 2026-09-21 16:29:16
 0  0      0 1508060  83912 2046200    0    0     0     0   42   50  1  0 100  0  0  0 2026-09-21 16:29:17
 0  0      0 1508060  83912 2046200    0    0     0    96   42   44  0  0 100  0  0  0 2026-09-21 16:29:18
 0  0      0 1508060  83912 2046200    0    0     0     0   49   49  0  0 100  0  0  0 2026-09-21 16:29:19
 0  0      0 1508060  83912 2046200    0    0     0     0   25   31  0  1 100  0  0  0 2026-09-21 16:29:20
 0  0      0 1508060  83912 2046200    0    0     0     0   36   45  0  0 100  0  0  0 2026-09-21 16:29:21
 0  0      0 1508060  83912 2046200    0    0     0     0   35   39  0  0 100  0  0  0 2026-09-21 16:29:22
 0  0      0 1508060  83912 2046200    0    0     0     0   35   49  0  0 100  0  0  0 2026-09-21 16:29:23
 0  0      0 1508060  83912 2046200    0    0     0     0   33   32  0  0 100  0  0  0 2026-09-21 16:29:24
 0  0      0 1508060  83912 2046200    0    0     0     0   24   39  0  0 100  0  0  0 2026-09-21 16:29:25
 0  0      0 1508060  83912 2046200    0    0     0     0   30   35  1  0 100  0  0  0 2026-09-21 16:29:26
 0  0      0 1508060  83912 2046200    0    0     0     0   35   50  0  0 100  0  0  0 2026-09-21 16:29:27
 0  0      0 1508060  83912 2046200    0    0     0     0   22   31  0  0 100  0  0  0 2026-09-21 16:29:28
 0  0      0 1508060  83912 2046200    0    0     0     0   38   53  0  1 100  0  0  0 2026-09-21 16:29:29
 0  0      0 1508060  83912 2046200    0    0     0     0   26   32  0  0 100  0  0  0 2026-09-21 16:29:30
 0  0      0 1508060  83920 2046192    0    0     0    36   43   53  0  0 100  1  0  0 2026-09-21 16:29:31
procs -----------memory---------- ---swap-- -----io---- -system-- -------cpu------- -----timestamp-----
 r  b   swpd   free   buff  cache   si   so    bi    bo   in   cs us sy id wa st gu                 UTC
 0  0      0 1508060  83920 2046200    0    0     0  1676   48   57  0  0 100  0  0  0 2026-09-21 16:29:32
 0  0      0 1508060  83920 2046200    0    0     0     0   53   57  1  0 100  0  0  0 2026-09-21 16:29:33
 0  0      0 1508060  83920 2046200    0    0     0    16   45   47  0  0 100  0  0  0 2026-09-21 16:29:34
 0  0      0 1508060  83920 2046200    0    0     0     0   44   52  0  0 100  0  0  0 2026-09-21 16:29:35
 0  0      0 1508060  83920 2046200    0    0     0     0   24   27  0  0 100  0  0  0 2026-09-21 16:29:36
 0  0      0 1508060  83920 2046200    0    0     0     0   28   46  0  0 100  0  0  0 2026-09-21 16:29:37
 0  0      0 1485820  83928 2046204    0    0     0    56 1021 1056 13  5 83  0  0  0 2026-09-21 16:29:38
