procs -----------memory---------- ---swap-- -----io---- -system-- -------cpu------- -----timestamp-----
 r  b   swpd   free   buff  cache   si   so    bi    bo   in   cs us sy id wa st gu                 UTC
 1  0      0 2300528  55728 711168    0    0  2996  5392 6946   40 20  7 68  5  0  0 2026-09-21 18:40:57
 4  0      0 2332272  56068 675956    0    0     0  3152 1774 3362  2  1 86 11  0  0 2026-09-21 18:40:58
 0  1      0 2382788  57296 598712    0    0   112 32292 4809 9737 17  4 42 38  0  0 2026-09-21 18:40:59
 0  0      0 2363744  57928 609816    0    0     0 19408 3717 6253 15  2 62 21  0  0 2026-09-21 18:41:00
 0  0      0 2363240  58020 609772    0    0     0  5876 2276 3295  3  2 92  4  0  0 2026-09-21 18:41:01
 0  0      0 2363240  58108 609848    0    0     0  1792 2613 3931  2  1 94  4  0  0 2026-09-21 18:41:02
 0  0      0 2363240  58180 609848    0    0     0  1848 3254 4717  3  1 92  4  0  0 2026-09-21 18:41:03
 0  0      0 2363240  58248 609944    0    0     0  1744 3181 4459  3  1 93  3  0  0 2026-09-21 18:41:04
 0  0      0 2363240  58332 609992    0    0     0  1796 3765 5383  4  2 91  3  0  0 2026-09-21 18:41:05
 0  0      0 2362216  58424 611076    0    0     0  3040 4432 6162  5  2 90  3  0  0 2026-09-21 18:41:06
 0  0      0 2362216  58504 611160    0    0     0  2032 6040 7836  8  2 87  4  0  0 2026-09-21 18:41:07
 5  0      0 2362216  58616 611324    0    0     0  2356 6405 8089  8  3 86  4  0  0 2026-09-21 18:41:08
 1  0      0 2362216  58724 611432    0    0     0  2420 7303 9043 10  4 83  4  0  0 2026-09-21 18:41:09
 1  0      0 2362216  58832 611576    0    0     0  2632 9709 11619 15  4 77  3  0  0 2026-09-21 18:41:10
 1  0      0 2362216  58964 611644    0    0     0  6664 11084 12558 17  6 73  4  0  0 2026-09-21 18:41:11
 3  0      0 2362216  59104 612108    0    0     0  3504 12499 14660 23  5 67  4  0  0 2026-09-21 18:41:12
 5  0      0 2361964  59288 612496    0    0     0  4132 14890 17619 28  9 59  5  0  0 2026-09-21 18:41:13
 7  0      0 2353772  59556 621064    0    0     0 13312 15765 18621 32  9 54  5  0  0 2026-09-21 18:41:14
 1  0      0 2345076  59908 629876    0    0     0 17144 18431 21575 39 12 42  7  0  0 2026-09-21 18:41:15
 6  0      0 2342004  60188 633084    0    0     0 10868 16087 18075 35  9 51  6  0  0 2026-09-21 18:41:16
 9  0      0 2340780  60480 634192    0    0     0  9132 17636 19925 38 11 45  6  0  0 2026-09-21 18:41:17
procs -----------memory---------- ---swap-- -----io---- -system-- -------cpu------- -----timestamp-----
 r  b   swpd   free   buff  cache   si   so    bi    bo   in   cs us sy id wa st gu                 UTC
13  0      0 2339452  60848 635416    0    0     0  9072 16989 19480 39 10 44  7  0  0 2026-09-21 18:41:18
 2  0      0 2329984  61180 644896    0    0     0 17820 17324 19603 41 13 38  9  0  0 2026-09-21 18:41:19
14  0      0 2329984  61512 645036    0    0     0  8120 18902 19505 59 13 23  6  0  0 2026-09-21 18:41:20
 3  0      0 2328960  61844 646108    0    0     0  9748 20516 23324 56 13 28  3  0  0 2026-09-21 18:41:21
 8  0      0 2326420  62092 648264    0    0     0  9684 20456 24455 67 11 20  3  0  0 2026-09-21 18:41:22
15  0      0 2324372  62320 650416    0    0     0 10384 22730 27056 74 14  9  3  0  0 2026-09-21 18:41:23
 3  0      0 2319492  62544 651936    0    0     0 10108 17951 20496 51 11 31  7  0  0 2026-09-21 18:41:24
85  0      0 2311372  62760 659292    0    0     0 15748 18102 19505 53 11 29  8  0  0 2026-09-21 18:41:25
 6  0      0 2306800  63000 663516    0    0     0 12328 15096 17464 35 12 44 10  0  0 2026-09-21 18:41:26
 0  0      0 2306548  63272 663540    0    0     0 10456 18437 19517 49 14 26 11  0  0 2026-09-21 18:41:27
 2  0      0 2306296  63448 663560    0    0     0  9840 18864 20133 57 13 24  7  0  0 2026-09-21 18:41:28
 5  0      0 2305272  63656 664684    0    0     0 10920 18983 19849 55 12 30  3  0  0 2026-09-21 18:41:29
 0  1      0 2302200  63840 667888    0    0     0 12640 15196 16537 44  9 40  6  0  0 2026-09-21 18:41:30
55  1      0 2300672  64124 668928    0    0     0 11812 16400 16009 51 10 28 11  0  0 2026-09-21 18:41:31
 0  0      0 2300420  64400 668976    0    0     0 11524 16725 18717 50 11 26 13  0  0 2026-09-21 18:41:32
 0  2      0 2300420  64616 669032    0    0     0  9400 19544 20497 57 13 23  7  0  0 2026-09-21 18:41:33
 0  3      0 2298120  64880 671188    0    0     0 13244 15246 16713 44 10 35 11  0  0 2026-09-21 18:41:34
15  0      0 2296844  65156 672244    0    0     0 11572 14163 14859 44  8 35 13  0  0 2026-09-21 18:41:35
 6  0      0 2294796  65396 674252    0    0     0 12068 17367 16626 62 11 18  9  0  0 2026-09-21 18:41:36
67  1      0 2294544  65680 674436    0    0     0 10736 14784 14977 45 10 37  9  0  0 2026-09-21 18:41:37
 0  0      0 2291236  65988 676548    0    0     0 12624 15175 14877 47  8 34 11  0  0 2026-09-21 18:41:38
procs -----------memory---------- ---swap-- -----io---- -system-- -------cpu------- -----timestamp-----
 r  b   swpd   free   buff  cache   si   so    bi    bo   in   cs us sy id wa st gu                 UTC
 1  0      0 2291236  66164 676552    0    0     0 10388 17175 17629 54 11 24 11  0  0 2026-09-21 18:41:39
 0  0      0 2288948  66356 678684    0    0     0 12316 13900 14336 45  8 38 10  0  0 2026-09-21 18:41:40
 1  3      0 2287672  66556 679748    0    0     0 10904 15483 15598 52  9 31  9  0  0 2026-09-21 18:41:41
 1  2      0 2287168  66752 679744    0    0     0  7992 16809 15273 57 12 27  4  0  0 2026-09-21 18:41:42
 2  0      0 2285120  66960 681876    0    0     0 13836 13591 14911 42 10 41  8  0  0 2026-09-21 18:41:43
 1  1      0 2283592  67196 682928    0    0     0 12188 13391 13839 46 10 36  8  0  0 2026-09-21 18:41:44
75  0      0 2280804  67364 684008    0    0     0  7864 16409 14385 47 10 40  3  0  0 2026-09-21 18:41:45
 3  2      0 2280804  67628 684048    0    0     0 11480 16091 16224 58 12 23  7  0  0 2026-09-21 18:41:46
 0  0      0 2280680  67844 685116    0    0     0 11748 11470 13393 34  7 48 12  0  0 2026-09-21 18:41:47
 0  0      0 2280428  68052 685120    0    0     0 10312 10470 13145 33  7 46 14  0  0 2026-09-21 18:41:48
 1  0      0 2279404  68208 686196    0    0     0 10216 17723 18284 51 14 25 10  0  0 2026-09-21 18:41:49
 0  2      0 2275056  68428 690392    0    0     0 13752 13842 14024 46  9 38  7  0  0 2026-09-21 18:41:50
 1  1      0 2273528  68600 691508    0    0     0  9088 15359 14903 55 10 30  6  0  0 2026-09-21 18:41:51
 5  1      0 2266108  68904 698896    0    0     0 18676 13871 15019 36  9 44 11  0  0 2026-09-21 18:41:52
 0  1      0 2264344  69104 699940    0    0     0 11140 13716 14712 38 10 43  9  0  0 2026-09-21 18:41:53
 1  0      0 2264092  69460 699964    0    0     0 10484 11403 12294 31  8 49 13  0  0 2026-09-21 18:41:54
 0  0      0 2258988  69704 704188    0    0     0 14940 14716 15179 46 10 30 14  0  0 2026-09-21 18:41:55
121  1      0 2257964  69824 705232    0    0     0  5136 16058 13078 55 12 34  1  0  0 2026-09-21 18:41:56
 0  0      0 2256688  70292 706296    0    0     0 15668 12318 12985 43  8 38 11  0  0 2026-09-21 18:41:57
 0  0      0 2256184  70512 706308    0    0     0  9460 14159 14357 37  9 42 12  0  0 2026-09-21 18:41:58
 0  2      0 2256184  70696 706308    0    0     0 10096 13630 14966 47 10 36  7  0  0 2026-09-21 18:41:59
procs -----------memory---------- ---swap-- -----io---- -system-- -------cpu------- -----timestamp-----
 r  b   swpd   free   buff  cache   si   so    bi    bo   in   cs us sy id wa st gu                 UTC
36  2      0 2252088  70836 710516    0    0     0  9624 13547 12141 41 10 47  2  0  0 2026-09-21 18:42:00
 0  1      0 2248528  71248 712624    0    0     0 19636 15245 17179 47 11 24 18  0  0 2026-09-21 18:42:01
 0  0      0 2248528  71388 712632    0    0     0  9260 1063 2153  1  1 82 17  0  0 2026-09-21 18:42:02
 0  0      0 2248528  71556 712632    0    0     0  7296  849 1705  0  1 87 13  0  0 2026-09-21 18:42:03
 0  0      0 2248528  71728 712628    0    0     0  7580  926 1839  0  1 84 14  0  0 2026-09-21 18:42:04
 0  0      0 2248528  71904 712648    0    0     0  7460  874 1730  0  1 86 13  0  0 2026-09-21 18:42:05
 1  0      0 2240868  72152 712720    0    0     0  7672 1923 3564  5  7 79  9  0  0 2026-09-21 18:42:06
