procs -----------memory---------- ---swap-- -----io---- -system-- -------cpu------- -----timestamp-----
 r  b   swpd   free   buff  cache   si   so    bi    bo   in   cs us sy id wa st gu                 UTC
 1  0      0 1499608  83860 2045912    0    0   297  1094  592    3  5  1 92  1  0  0 2026-09-21 16:23:31
 0  0      0 1500000  83860 2045896    0    0     0  4612  197  267  0  1 99  1  0  0 2026-09-21 16:23:32
 0  0      0 1502452  83860 2045896    0    0     0     0   52   65  0  0 100  0  0  0 2026-09-21 16:23:33
 0  0      0 1504616  83860 2045896    0    0     0     0   31   46  0  0 100  0  0  0 2026-09-21 16:23:34
 0  0      0 1506508  83860 2045896    0    0     0     0   49   56  0  0 100  0  0  0 2026-09-21 16:23:35
 0  0      0 1506508  83860 2045896    0    0     0     0   26   37  0  0 100  0  0  0 2026-09-21 16:23:36
 0  0      0 1509612  83860 2045896    0    0     0     0   44   54  0  0 100  0  0  0 2026-09-21 16:23:37
 0  0      0 1510416  83860 2045896    0    0     0     0   34   50  1  0 100  0  0  0 2026-09-21 16:23:38
 0  0      0 1510416  83860 2045896    0    0     0     0   45   51  0  0 100  0  0  0 2026-09-21 16:23:39
 0  0      0 1510416  83860 2045896    0    0     0     0   26   33  0  0 100  0  0  0 2026-09-21 16:23:40
 0  0      0 1510416  83860 2045896    0    0     0     0   34   39  0  0 100  0  0  0 2026-09-21 16:23:41
 1  0      0 1510416  83860 2045896    0    0     0     0   34   44  0  0 100  0  0  0 2026-09-21 16:23:42
 1  0      0 1510416  83860 2045896    0    0     0     0   50   65  0  0 100  0  0  0 2026-09-21 16:23:43
 2  0      0 1510416  83860 2045896    0    0     0     0   29   30  0  0 100  0  0  0 2026-09-21 16:23:44
 1  0      0 1510416  83860 2045896    0    0     0     0   34   47  0  0 100  0  0  0 2026-09-21 16:23:45
 1  0      0 1510416  83860 2045896    0    0     0     0   71   61  0  0 100  0  0  0 2026-09-21 16:23:46
 1  0      0 1510416  83860 2045896    0    0     0     0   39   59  0  0 100  0  0  0 2026-09-21 16:23:47
 1  0      0 1510416  83860 2045896    0    0     0     0   32   39  0  0 100  0  0  0 2026-09-21 16:23:48
 1  0      0 1510416  83860 2045896    0    0     0     0   33   41  0  0 100  0  0  0 2026-09-21 16:23:49
 1  0      0 1510416  83860 2045896    0    0     0     0   45   48  0  0 100  0  0  0 2026-09-21 16:23:50
 1  0      0 1510416  83860 2045896    0    0     0     0   41   47  0  0 100  0  0  0 2026-09-21 16:23:51
procs -----------memory---------- ---swap-- -----io---- -system-- -------cpu------- -----timestamp-----
 r  b   swpd   free   buff  cache   si   so    bi    bo   in   cs us sy id wa st gu                 UTC
 1  0      0 1510416  83860 2045896    0    0     0     0   29   39  1  0 100  0  0  0 2026-09-21 16:23:52
 1  0      0 1510416  83860 2045896    0    0     0     0   59   74  0  0 100  0  0  0 2026-09-21 16:23:53
 1  0      0 1510416  83860 2045896    0    0     0     0   27   41  0  0 100  0  0  0 2026-09-21 16:23:54
 1  0      0 1510416  83860 2045896    0    0     0     0   52   54  0  0 100  0  0  0 2026-09-21 16:23:55
 0  0      0 1510620  83880 2045876    0    0     0  4460  102  111  0  0 99  1  0  0 2026-09-21 16:23:56
 0  0      0 1510668  83880 2045896    0    0     0     0   36   47  0  0 100  0  0  0 2026-09-21 16:23:57
 0  0      0 1510668  83880 2045896    0    0     0     0   38   45  0  0 100  0  0  0 2026-09-21 16:23:58
 0  0      0 1510668  83880 2045896    0    0     0     0   49   55  0  0 100  0  0  0 2026-09-21 16:23:59
 0  0      0 1510668  83880 2045896    0    0     0     0   28   30  0  0 100  0  0  0 2026-09-21 16:24:00
 0  0      0 1510416  83884 2045896    0    0     0    44   99  114  1  0 100  0  0  0 2026-09-21 16:24:01
 0  0      0 1510416  83884 2045896    0    0     0    92   47   48  0  0 100  0  0  0 2026-09-21 16:24:02
 0  0      0 1510416  83884 2045896    0    0     0     8   69   67  0  0 100  0  0  0 2026-09-21 16:24:03
 0  0      0 1510416  83884 2045896    0    0     0     0   39   37  0  0 100  0  0  0 2026-09-21 16:24:04
 0  0      0 1510416  83884 2045896    0    0     0     0   29   41  0  0 100  0  0  0 2026-09-21 16:24:05
 0  0      0 1510416  83884 2045900    0    0     0     0   34   43  0  0 100  0  0  0 2026-09-21 16:24:06
 0  0      0 1510416  83884 2045900    0    0     0     0   41   53  0  0 100  0  0  0 2026-09-21 16:24:07
 0  0      0 1510416  83884 2045900    0    0     0     0   26   39  1  0 100  0  0  0 2026-09-21 16:24:08
 0  0      0 1510416  83884 2045900    0    0     0     0   60   59  0  0 100  0  0  0 2026-09-21 16:24:09
 0  0      0 1510416  83884 2045904    0    0     0     0   28   34  0  0 100  0  0  0 2026-09-21 16:24:10
 0  0      0 1510416  83884 2045904    0    0     0     0   40   50  0  0 100  0  0  0 2026-09-21 16:24:11
 0  0      0 1510416  83884 2045904    0    0     0     0   26   34  0  0 100  0  0  0 2026-09-21 16:24:12
procs -----------memory---------- ---swap-- -----io---- -system-- -------cpu------- -----timestamp-----
 r  b   swpd   free   buff  cache   si   so    bi    bo   in   cs us sy id wa st gu                 UTC
 0  0      0 1510416  83884 2045904    0    0     0     0   40   43  0  0 100  0  0  0 2026-09-21 16:24:13
 0  0      0 1510416  83884 2045904    0    0     0     0   28   37  0  1 100  0  0  0 2026-09-21 16:24:14
 0  0      0 1510416  83884 2045904    0    0     0     0   44   49  0  0 100  0  0  0 2026-09-21 16:24:15
 0  0      0 1510416  83884 2045904    0    0     0     0   26   28  0  0 100  0  0  0 2026-09-21 16:24:16
 0  0      0 1510416  83884 2045904    0    0     0     0   39   48  0  0 100  0  0  0 2026-09-21 16:24:17
 0  0      0 1510416  83884 2045904    0    0     0     0   30   42  0  0 100  0  0  0 2026-09-21 16:24:18
 0  0      0 1510416  83884 2045904    0    0     0     0   35   45  0  0 100  0  0  0 2026-09-21 16:24:19
 0  0      0 1510416  83884 2045904    0    0     0     0   39   44  0  0 100  0  0  0 2026-09-21 16:24:20
 0  0      0 1510416  83884 2045904    0    0     0     0   30   40  0  0 100  0  0  0 2026-09-21 16:24:21
 0  0      0 1510416  83884 2045904    0    0     0     0   39   45  0  0 100  0  0  0 2026-09-21 16:24:22
 0  0      0 1510416  83884 2045904    0    0     0     0   51   60  0  0 100  0  0  0 2026-09-21 16:24:23
 0  0      0 1510416  83884 2045904    0    0     0     0   40   43  0  0 100  0  0  0 2026-09-21 16:24:24
 0  0      0 1510416  83884 2045904    0    0     0     0   49   55  0  0 100  0  0  0 2026-09-21 16:24:25
 0  0      0 1510416  83884 2045904    0    0     0     0   33   36  0  0 100  0  0  0 2026-09-21 16:24:26
 0  0      0 1510416  83884 2045904    0    0     0     0   45   57  0  0 100  0  0  0 2026-09-21 16:24:27
 0  0      0 1510416  83884 2045904    0    0     0  1632   48   52  0  0 100  0  0  0 2026-09-21 16:24:28
 0  0      0 1510416  83884 2045904    0    0     0     0   46   46  0  0 100  0  0  0 2026-09-21 16:24:29
 0  0      0 1510416  83884 2045904    0    0     0     0   35   37  0  0 100  0  0  0 2026-09-21 16:24:30
 0  0      0 1510416  83892 2045896    0    0     0    48   42   48  0  0 100  0  0  0 2026-09-21 16:24:31
 0  0      0 1510416  83892 2045904    0    0     0     8   43   41  0  0 100  0  0  0 2026-09-21 16:24:32
 0  0      0 1510416  83892 2045904    0    0     0     0   34   41  0  0 100  0  0  0 2026-09-21 16:24:33
procs -----------memory---------- ---swap-- -----io---- -system-- -------cpu------- -----timestamp-----
 r  b   swpd   free   buff  cache   si   so    bi    bo   in   cs us sy id wa st gu                 UTC
 0  0      0 1510416  83892 2045904    0    0     0    16   39   53  0  0 100  0  0  0 2026-09-21 16:24:34
 0  0      0 1510416  83892 2045904    0    0     0     0   45   47  0  0 100  0  0  0 2026-09-21 16:24:35
 0  0      0 1510416  83892 2045904    0    0     0     0   30   35  0  0 100  0  0  0 2026-09-21 16:24:36
 0  0      0 1510416  83892 2045904    0    0     0     0   27   39  0  1 100  0  0  0 2026-09-21 16:24:37
 0  0      0 1510416  83892 2045904    0    0     0     0   31   37  0  0 100  0  0  0 2026-09-21 16:24:38
 0  0      0 1510416  83892 2045904    0    0     0     0   35   45  0  0 100  0  0  0 2026-09-21 16:24:39
