procs -----------memory---------- ---swap-- -----io---- -system-- -------cpu------- -----timestamp-----
 r  b   swpd   free   buff  cache   si   so    bi    bo   in   cs us sy id wa st gu                 UTC
 1  0      0 1494208  83720 2044764    0    0   428  1473  792    5  7  2 89  2  0  0 2026-09-21 16:09:44
 0  0      0 1496520  83720 2044868    0    0     0     0  178  225  1  0 100  0  0  0 2026-09-21 16:09:45
 0  0      0 1498872  83720 2044868    0    0     0     0   57   64  0  0 100  0  0  0 2026-09-21 16:09:46
 0  0      0 1500932  83720 2044868    0    0     0     0   36   43  0  0 100  0  0  0 2026-09-21 16:09:47
 0  0      0 1502736  83720 2044868    0    0     0     0   37   47  0  0 100  0  0  0 2026-09-21 16:09:48
 0  0      0 1504312  83720 2044868    0    0     0     0   30   41  0  0 100  0  0  0 2026-09-21 16:09:49
 0  0      0 1505692  83720 2044868    0    0     0     0   60   64  1  0 100  0  0  0 2026-09-21 16:09:50
 0  0      0 1506016  83720 2044868    0    0     0     0   45   49  0  0 100  0  0  0 2026-09-21 16:09:51
 0  0      0 1506016  83720 2044868    0    0     0     0   37   55  0  0 100  0  0  0 2026-09-21 16:09:52
 0  0      0 1506016  83720 2044868    0    0     0     0   29   36  0  0 100  0  0  0 2026-09-21 16:09:53
 0  0      0 1506016  83720 2044868    0    0     0     0   42   51  0  0 100  0  0  0 2026-09-21 16:09:54
 0  0      0 1506016  83720 2044868    0    0     0     0   22   35  0  0 100  0  0  0 2026-09-21 16:09:55
 0  0      0 1506016  83720 2044868    0    0     0     0   36   45  1  0 100  0  0  0 2026-09-21 16:09:56
 0  0      0 1506016  83720 2044868    0    0     0     0   26   38  0  0 100  0  0  0 2026-09-21 16:09:57
 1  0      0 1506016  83720 2044868    0    0     0     0   53   51  0  0 100  0  0  0 2026-09-21 16:09:58
 1  0      0 1506016  83720 2044868    0    0     0     0   24   39  0  0 100  0  0  0 2026-09-21 16:09:59
 1  0      0 1506016  83720 2044868    0    0     0     0   36   48  0  0 100  0  0  0 2026-09-21 16:10:00
 1  0      0 1506016  83720 2044868    0    0     0     0   25   36  0  0 100  0  0  0 2026-09-21 16:10:01
 1  0      0 1507064  83720 2044996    0    0     0     0  115  118  0  0 99  0  0  0 2026-09-21 16:10:02
 1  0      0 1507064  83720 2044996    0    0     0     0   23   34  0  0 100  0  0  0 2026-09-21 16:10:03
 1  0      0 1507064  83720 2044996    0    0     0     0   35   47  0  0 100  0  0  0 2026-09-21 16:10:04
procs -----------memory---------- ---swap-- -----io---- -system-- -------cpu------- -----timestamp-----
 r  b   swpd   free   buff  cache   si   so    bi    bo   in   cs us sy id wa st gu                 UTC
 1  0      0 1507064  83720 2044996    0    0     0     0   35   42  0  0 100  0  0  0 2026-09-21 16:10:05
 1  0      0 1507064  83720 2044996    0    0     0     0   37   49  0  0 100  0  0  0 2026-09-21 16:10:06
 1  0      0 1507064  83720 2044996    0    0     0     0   42   45  0  0 100  0  0  0 2026-09-21 16:10:07
 1  0      0 1507064  83720 2044996    0    0     0     0   29   44  1  0 100  0  0  0 2026-09-21 16:10:08
 1  0      0 1507064  83720 2044996    0    0     0     0   32   39  0  0 100  0  0  0 2026-09-21 16:10:09
 1  0      0 1507064  83724 2044996    0    0     0   116   48   57  0  1 100  0  0  0 2026-09-21 16:10:10
 1  0      0 1507064  83724 2044996    0    0     0  8596  130  197  0  0 98  2  0  0 2026-09-21 16:10:11
 1  0      0 1507064  83724 2044996    0    0     0     0   25   43  0  0 100  0  0  0 2026-09-21 16:10:12
 0  0      0 1507064  83724 2044996    0    0     0     0   26   37  0  1 100  0  0  0 2026-09-21 16:10:13
 0  0      0 1507064  83724 2044996    0    0     0     0   37   46  0  0 100  0  0  0 2026-09-21 16:10:14
 0  0      0 1507064  83724 2044996    0    0     0     0   27   31  0  0 100  0  0  0 2026-09-21 16:10:15
 0  0      0 1507064  83724 2044996    0    0     0     8   51   56  1  0 100  0  0  0 2026-09-21 16:10:16
 0  0      0 1507064  83724 2044996    0    0     0     0   31   41  0  0 100  0  0  0 2026-09-21 16:10:17
 0  0      0 1507064  83724 2044996    0    0     0     0   38   50  0  0 100  0  0  0 2026-09-21 16:10:18
 0  0      0 1507064  83724 2045000    0    0     0     0   39   42  0  0 100  0  0  0 2026-09-21 16:10:19
 0  0      0 1507064  83724 2045000    0    0     0     0   40   45  0  0 100  0  0  0 2026-09-21 16:10:20
 0  0      0 1507064  83724 2045004    0    0     0     0   33   41  0  0 100  0  0  0 2026-09-21 16:10:21
 0  0      0 1507064  83724 2045004    0    0     0     0   62   67  0  1 100  0  0  0 2026-09-21 16:10:22
 0  0      0 1507064  83724 2045004    0    0     0     0   49   54  0  0 100  0  0  0 2026-09-21 16:10:23
 0  0      0 1507064  83724 2045004    0    0     0     0   51   55  0  0 100  0  0  0 2026-09-21 16:10:24
 0  0      0 1508180  83724 2045012    0    0     0     0  143  172  0  1 99  0  0  0 2026-09-21 16:10:25
procs -----------memory---------- ---swap-- -----io---- -system-- -------cpu------- -----timestamp-----
 r  b   swpd   free   buff  cache   si   so    bi    bo   in   cs us sy id wa st gu                 UTC
 0  0      0 1508180  83724 2045012    0    0     0     0   48   53  0  1 100  0  0  0 2026-09-21 16:10:26
 0  0      0 1508180  83724 2045012    0    0     0     0   32   37  0  0 100  0  0  0 2026-09-21 16:10:27
 0  0      0 1508180  83724 2045012    0    0     0     0   47   53  0  0 100  0  0  0 2026-09-21 16:10:28
 0  0      0 1508180  83724 2045012    0    0     0     0   26   42  0  0 100  0  0  0 2026-09-21 16:10:29
 0  0      0 1508180  83724 2045012    0    0     0     0   46   60  0  0 100  0  0  0 2026-09-21 16:10:30
 0  0      0 1508180  83724 2045012    0    0     0     0   25   31  0  0 100  0  0  0 2026-09-21 16:10:31
 0  0      0 1508180  83724 2045012    0    0     0     0   35   51  0  0 100  0  0  0 2026-09-21 16:10:32
 0  0      0 1508180  83724 2045012    0    0     0     0   26   38  0  0 100  0  0  0 2026-09-21 16:10:33
 0  0      0 1508180  83724 2045012    0    0     0     0   44   47  0  0 100  0  0  0 2026-09-21 16:10:34
 0  0      0 1508180  83724 2045012    0    0     0     0   25   38  0  0 100  0  0  0 2026-09-21 16:10:35
 0  0      0 1508180  83724 2045012    0    0     0     0   31   47  0  0 99  0  0  0 2026-09-21 16:10:36
 0  0      0 1508180  83724 2045012    0    0     0     0   27   41  0  0 100  0  0  0 2026-09-21 16:10:37
 0  0      0 1508180  83724 2045012    0    0     0     0   44   49  0  0 100  0  0  0 2026-09-21 16:10:38
 0  0      0 1508180  83724 2045012    0    0     0    60   29   46  0  0 100  0  0  0 2026-09-21 16:10:39
 0  0      0 1508180  83724 2045012    0    0     0   124   58   59  0  0 100  0  0  0 2026-09-21 16:10:40
 0  0      0 1508180  83724 2045012    0    0     0     0   30   33  0  0 100  0  0  0 2026-09-21 16:10:41
 0  0      0 1508180  83724 2045012    0    0     0     0   41   53  0  0 99  0  0  0 2026-09-21 16:10:42
 0  0      0 1508180  83724 2045012    0    0     0     0   29   35  0  0 100  0  0  0 2026-09-21 16:10:43
 0  0      0 1508180  83724 2045012    0    0     0     0   47   66  0  0 100  0  0  0 2026-09-21 16:10:44
 0  0      0 1508180  83724 2045012    0    0     0     0   36   36  0  0 100  0  0  0 2026-09-21 16:10:45
 0  0      0 1508180  83724 2045012    0    0     0     0   42   55  0  1 100  0  0  0 2026-09-21 16:10:46
procs -----------memory---------- ---swap-- -----io---- -system-- -------cpu------- -----timestamp-----
 r  b   swpd   free   buff  cache   si   so    bi    bo   in   cs us sy id wa st gu                 UTC
 0  0      0 1508180  83724 2045012    0    0     0    16   64   78  0  0 100  0  0  0 2026-09-21 16:10:47
 0  0      0 1508180  83724 2045012    0    0     0     0   37   46  0  0 100  0  0  0 2026-09-21 16:10:48
 0  0      0 1508180  83724 2045012    0    0     0     0   31   43  0  0 100  0  0  0 2026-09-21 16:10:49
 0  0      0 1508180  83724 2045012    0    0     0     0   55   60  0  0 100  0  0  0 2026-09-21 16:10:50
 0  0      0 1508180  83724 2045012    0    0     0     0   25   31  0  0 100  0  0  0 2026-09-21 16:10:51
 0  0      0 1508180  83724 2045012    0    0     0     0   28   45  0  0 100  0  0  0 2026-09-21 16:10:52
 0  0      0 1482852  83724 2045016    0    0     0     4 1030 1072 14  4 83  0  0  0 2026-09-21 16:10:53
