procs -----------memory---------- ---swap-- -----io---- -system-- -------cpu------- -----timestamp-----
 r  b   swpd   free   buff  cache   si   so    bi    bo   in   cs us sy id wa st gu                 UTC
 2  0      0 1947228  65044 1087324    0    0   359   938 1616    8  8  2 89  1  0  0 2026-09-21 16:09:44
 0  0      0 1947176  65044 1087268    0    0     0     0  389  585  1  0 99  0  0  0 2026-09-21 16:09:45
 1  0      0 1936368  67160 1071540    0    0     0 29136 5723 10959 10  4 42 45  0  0 2026-09-21 16:09:46
 0  0      0 1900496  68344 1094164    0    0     0 23736 4204 7431 21  3 54 22  0  0 2026-09-21 16:09:47
10  0      0 1902100  68420 1097148    0    0     0  1952 19683 16588 35 12 53  1  0  0 2026-09-21 16:09:48
24  0      0 1901644  68480 1102124    0    0     0  1444 28285 25165 57 21 21  1  0  0 2026-09-21 16:09:49
23  0      0 1901352  68532 1107976    0    0    56  1516 32890 25344 65 28  8  0  0  0 2026-09-21 16:09:50
27  0      0 1895060  68604 1113844    0    0     0  1204 30851 25107 71 28  2  1  0  0 2026-09-21 16:09:51
53  0      0 1888524  68672 1119716    0    0     0  1208 27617 24344 69 29  3  0  0  0 2026-09-21 16:09:52
34  0      0 1882080  68724 1125620    0    0     0  1060 28147 23586 71 28  1  0  0  0 2026-09-21 16:09:53
58  0      0 1876232  68828 1131688    0    0     0  2072 30332 24378 70 29  1  0  0  0 2026-09-21 16:09:54
56  0      0 1869688  68868 1137804    0    0     0  1024 28577 24399 69 30  1  1  0  0 2026-09-21 16:09:55
57  0      0 1863892  68900 1143880    0    0     0  1000 27591 23910 71 28  1  0  0  0 2026-09-21 16:09:56
65  0      0 1856672  68952 1151020    0    0     0  2064 29675 24808 71 28  1  0  0  0 2026-09-21 16:09:57
65  0      0 1850528  68996 1157120    0    0     0   908 27772 24910 70 29  1  0  0  0 2026-09-21 16:09:58
60  0      0 1842904  69060 1164492    0    0     0  1984 27431 25548 71 29  1  0  0  0 2026-09-21 16:09:59
61  0      0 1836720  69092 1170664    0    0     0  1100 29157 24645 69 29  1  0  0  0 2026-09-21 16:10:00
68  0      0 1830112  69144 1176620    0    0     0   880 28064 23551 73 27  1  0  0  0 2026-09-21 16:10:01
62  0      0 1823820  69200 1182740    0    0     0   956 26339 23548 73 26  0  0  0  0 2026-09-21 16:10:02
66  0      0 1817844  69240 1188716    0    0     0  1004 27556 23822 72 27  0  0  0  0 2026-09-21 16:10:03
11  0      0 1811600  69376 1194728    0    0     0  2132 27662 24007 71 28  0  0  0  0 2026-09-21 16:10:04
procs -----------memory---------- ---swap-- -----io---- -system-- -------cpu------- -----timestamp-----
 r  b   swpd   free   buff  cache   si   so    bi    bo   in   cs us sy id wa st gu                 UTC
29  0      0 1804480  69412 1201800    0    0     0  1940 29147 23496 71 28  1  0  0  0 2026-09-21 16:10:05
57  0      0 1798488  69448 1207556    0    0     0   880 26919 22742 72 28  1  0  0  0 2026-09-21 16:10:06
55  0      0 1792392  69504 1213688    0    0     0  8012 27086 23380 71 28  1  0  0  0 2026-09-21 16:10:07
20  0      0 1786200  69540 1219668    0    0     0   912 27353 23651 70 29  0  0  0  0 2026-09-21 16:10:08
18  0      0 1780100  69604 1226032    0    0     0   900 27536 23664 72 27  1  0  0  0 2026-09-21 16:10:09
48  0      0 1773504  69652 1232256    0    0     0   860 29289 23611 70 30  0  0  0  0 2026-09-21 16:10:10
62  0      0 1767708  69680 1238372    0    0     0   940 27755 23772 72 27  1  0  0  0 2026-09-21 16:10:11
20  0      0 1761524  69716 1244204    0    0     0 142768 27402 23711 69 28  1  3  0  0 2026-09-21 16:10:12
32  0      0 1755680  69764 1250256    0    0     0  1028 27832 22732 72 27  1  0  0  0 2026-09-21 16:10:13
62  0      0 1749332  69816 1256472    0    0     0  1004 27233 23627 73 27  0  0  0  0 2026-09-21 16:10:14
62  0      0 1743280  69892 1262536    0    0     0  2140 27068 23480 71 28  1  0  0  0 2026-09-21 16:10:15
63  0      0 1737292  69944 1268244    0    0     0   944 27641 21706 74 26  1  0  0  0 2026-09-21 16:10:16
61  0      0 1731348  70000 1274140    0    0     0  1188 25808 23365 73 27  1  0  0  0 2026-09-21 16:10:17
67  0      0 1725192  70048 1280296    0    0     0  1000 27835 23182 72 28  1  0  0  0 2026-09-21 16:10:18
54  0      0 1719156  70136 1286148    0    0     0  1680 28495 23165 72 28  1  0  0  0 2026-09-21 16:10:19
41  0      0 1713112  70324 1292144    0    0     0  3960 26562 24054 71 28  1  0  0  0 2026-09-21 16:10:20
64  0      0 1706764  70508 1298248    0    0     0  3552 28545 23944 71 28  0  0  0  0 2026-09-21 16:10:21
44  0      0 1700524  70664 1304420    0    0     0  3256 27708 24016 72 28  1  0  0  0 2026-09-21 16:10:22
66  0      0 1694476  70796 1310452    0    0     0  2940 26869 23761 72 27  1  0  0  0 2026-09-21 16:10:23
68  0      0 1688436  70924 1316332    0    0     0  2736 27438 23007 72 26  2  0  0  0 2026-09-21 16:10:24
14  0      0 1682084  71112 1322464    0    0     0  3460 27365 23575 73 27  0  0  0  0 2026-09-21 16:10:25
procs -----------memory---------- ---swap-- -----io---- -system-- -------cpu------- -----timestamp-----
 r  b   swpd   free   buff  cache   si   so    bi    bo   in   cs us sy id wa st gu                 UTC
62  0      0 1676396  71244 1328260    0    0     0  3048 28399 23590 72 28  1  0  0  0 2026-09-21 16:10:26
40  0      0 1670496  71428 1334164    0    0     0  3076 28892 23206 72 27  0  0  0  0 2026-09-21 16:10:27
63  0      0 1663708  71556 1340132    0    0     0  2652 27251 23530 70 28  1  0  0  0 2026-09-21 16:10:28
40  0      0 1656740  71664 1347256    0    0     0  3476 28198 23498 72 27  1  0  0  0 2026-09-21 16:10:29
27  0      0 1650660  71740 1353204    0    0     0  2404 27960 23658 72 27  1  0  0  0 2026-09-21 16:10:30
63  0      0 1644600  71820 1359304    0    0     0  2236 27115 23613 71 27  1  1  0  0 2026-09-21 16:10:31
44  0      0 1638004  71868 1365520    0    0     0  1056 27721 24055 71 28  1  0  0  0 2026-09-21 16:10:32
52  0      0 1632512  71904 1371536    0    0     0   848 28096 22547 72 28  1  0  0  0 2026-09-21 16:10:33
36  0      0 1626416  71924 1377528    0    0     0   836 27935 23216 72 28  0  1  0  0 2026-09-21 16:10:34
26  0      0 1619672  71960 1383624    0    0     0   896 26957 23187 72 27  1  0  0  0 2026-09-21 16:10:35
50  0      0 1613824  71984 1389600    0    0     0   932 28382 22424 73 27  1  0  0  0 2026-09-21 16:10:36
16  0      0 1608084  72024 1395496    0    0     0  1068 27539 23141 72 27  1  1  0  0 2026-09-21 16:10:37
25  0      0 1602592  72076 1401584    0    0     0  1108 27815 23087 71 27  2  0  0  0 2026-09-21 16:10:38
20  0      0 1596208  72108 1407404    0    0     0   976 27011 22120 72 27  2  0  0  0 2026-09-21 16:10:39
41  0      0 1590464  72160 1413380    0    0     0   992 26157 23011 70 29  1  0  0  0 2026-09-21 16:10:40
62  0      0 1584164  72200 1419344    0    0     0  1020 28293 23376 73 27  1  0  0  0 2026-09-21 16:10:41
12  0      0 1577820  72272 1425272    0    0     0  1088 25949 22598 71 28  1  1  0  0 2026-09-21 16:10:42
62  1      0 1571304  72296 1432080    0    0     0 70372 28790 23220 72 28  1  0  0  0 2026-09-21 16:10:43
61  0      0 1565760  72348 1437916    0    0     0 109260 27718 23396 69 30  1  1  0  0 2026-09-21 16:10:44
 8  0      0 1559668  72384 1443796    0    0     0  1084 27224 22874 73 27  0  0  0  0 2026-09-21 16:10:45
 3  0      0 1553872  72412 1449504    0    0     0  1008 27303 22287 73 27  1  0  0  0 2026-09-21 16:10:46
procs -----------memory---------- ---swap-- -----io---- -system-- -------cpu------- -----timestamp-----
 r  b   swpd   free   buff  cache   si   so    bi    bo   in   cs us sy id wa st gu                 UTC
17  0      0 1548380  72460 1455452    0    0     0  1108 25902 22514 71 29  0  0  0  0 2026-09-21 16:10:47
57  0      0 1539544  72488 1461028    0    0     0  1088 28040 21494 72 26  2  0  0  0 2026-09-21 16:10:48
10  0      0 1535984  72536 1466864    0    0     0  1156 25940 21806 73 28  0  0  0  0 2026-09-21 16:10:49
62  0      0 1528676  72600 1472740    0    0     0  1672 27506 21896 71 29  1  1  0  0 2026-09-21 16:10:50
17  0      0 1516836  72632 1478996    0    0     0  1492 27983 22798 72 27  0  0  0  0 2026-09-21 16:10:51
11  0      0 1512804  72680 1484748    0    0     0  1608 26450 21274 73 27  1  0  0  0 2026-09-21 16:10:52
