procs -----------memory---------- ---swap-- -----io---- -system-- -------cpu------- -----timestamp-----
 r  b   swpd   free   buff  cache   si   so    bi    bo   in   cs us sy id wa st gu                 UTC
 0  0      0 15167112  19244 360608    0    0   154   111 24236   18 16  3 82  0  0  0 2026-09-21 18:20:56
 0  0      0 15152324  19244 360636    0    0     0     0 3125 2647  1  1 98  0  0  0 2026-09-21 18:20:57
 0  0      0 15155688  19244 360636    0    0     0     0   93  109  0  0 100  0  0  0 2026-09-21 18:20:58
 0  0      0 15141420  19244 360636    0    0     0     0 9890 13295  2  1 97  0  0  0 2026-09-21 18:20:59
 0  0      0 15140260  19244 360636    0    0     0     0 3489 4629  1  0 99  0  0  0 2026-09-21 18:21:00
 0  0      0 15129084  19244 360632    0    0     0     0 9110 11885  3  1 97  0  0  0 2026-09-21 18:21:01
 0  0      0 15118832  19260 360596    0    0     0  6788 11906 14791  5  1 94  0  0  0 2026-09-21 18:21:02
 0  0      0 15097664  19260 360596    0    0     0     0 16575 20248  8  1 91  0  0  0 2026-09-21 18:21:03
 0  0      0 15068936  19260 360596    0    0     0     0 16203 18486  9  1 89  0  0  0 2026-09-21 18:21:04
 0  0      0 15038948  19260 360596    0    0     0     0 18221 21735  7  2 91  0  0  0 2026-09-21 18:21:05
 0  0      0 15027608  19260 360596    0    0     0     0 21523 25964 10  1 89  0  0  0 2026-09-21 18:21:06
 1  0      0 14975192  19260 360596    0    0     0    56 28222 32018 10  2 87  0  0  0 2026-09-21 18:21:07
 0  0      0 14899880  19260 360596    0    0     0     0 38135 42372 16  3 81  0  0  0 2026-09-21 18:21:08
 1  0      0 14785724  19260 360564    0    0     0     0 40549 42396 18  4 79  0  0  0 2026-09-21 18:21:09
 1  0      0 14718948  19260 360532    0    0     0     0 44808 46190 21  3 76  0  0  0 2026-09-21 18:21:10
 9  0      0 14521408  19260 360532    0    0     0     0 57211 51864 30  6 64  0  0  0 2026-09-21 18:21:11
 2  0      0 14428396  19260 360604    0    0     0     0 60801 53900 31  6 64  0  0  0 2026-09-21 18:21:12
 2  0      0 14198344  19260 360724    0    0     0     0 68429 53590 38  8 54  0  0  0 2026-09-21 18:21:13
 8  0      0 13933504  19260 361004    0    0     0     0 75431 50720 42  9 49  0  0  0 2026-09-21 18:21:14
 4  0      0 13693856  19260 361232    0    0     0     0 81236 51033 51 10 39  0  0  0 2026-09-21 18:21:15
 1  0      0 13401792  19260 361520    0    0     0     0 79359 46137 49  9 42  0  0  0 2026-09-21 18:21:16
procs -----------memory---------- ---swap-- -----io---- -system-- -------cpu------- -----timestamp-----
 r  b   swpd   free   buff  cache   si   so    bi    bo   in   cs us sy id wa st gu                 UTC
 7  0      0 13218396  19260 361752    0    0     0     0 81562 47590 51  9 40  0  0  0 2026-09-21 18:21:17
 8  0      0 12892848  19260 361988    0    0     0     0 82108 42350 55 10 35  0  0  0 2026-09-21 18:21:18
 5  0      0 12526172  19260 362260    0    0     0     0 84173 44353 53 11 35  0  0  0 2026-09-21 18:21:19
 8  0      0 12302732  19260 362460    0    0     0     0 81050 44258 53  9 38  0  0  0 2026-09-21 18:21:20
 1  0      0 12039924  19260 362616    0    0     0     0 82505 43341 55 10 35  0  0  0 2026-09-21 18:21:21
 5  0      0 11798416  19260 362856    0    0     0     0 81914 41463 54 10 36  0  0  0 2026-09-21 18:21:22
 8  0      0 11793340  19260 362984    0    0     0     0 78317 53130 49  8 43  0  0  0 2026-09-21 18:21:23
 0  0      0 11623812  19260 363216    0    0     0     0 82399 46956 51  9 40  0  0  0 2026-09-21 18:21:24
 2  0      0 11453752  19260 363512    0    0     0     0 81604 35003 58  9 33  0  0  0 2026-09-21 18:21:25
 8  0      0 11248120  19260 363540    0    0     0     0 79952 33600 59  9 32  0  0  0 2026-09-21 18:21:26
 1  0      0 11069680  19260 363860    0    0     0  1384 82835 39393 59  9 32  0  0  0 2026-09-21 18:21:27
 4  0      0 11068688  19260 363888    0    0     0     0 76538 49068 48  8 44  0  0  0 2026-09-21 18:21:28
 1  0      0 10873136  19260 364112    0    0     0     0 75054 29090 63  9 28  0  0  0 2026-09-21 18:21:29
 0  0      0 10703568  19260 364260    0    0     0     0 81375 35969 63  9 28  0  0  0 2026-09-21 18:21:30
 8  0      0 10703328  19260 364276    0    0     0     0 73181 40688 58  7 35  0  0  0 2026-09-21 18:21:31
 9  0      0 10544092  19260 364468    0    0     0     0 82867 38486 57  9 34  0  0  0 2026-09-21 18:21:32
 0  0      0 10458412  19268 364484    0    0     0    44 73315 30960 64  8 28  0  0  0 2026-09-21 18:21:33
 8  0      0 10457908  19268 364692    0    0     0     0 70052 36898 62  7 31  0  0  0 2026-09-21 18:21:34
 9  0      0 10447324  19268 364720    0    0     0     0 78242 44492 52  8 40  0  0  0 2026-09-21 18:21:35
 8  0      0 10395412  19268 364964    0    0     0     0 69545 29790 65  7 28  0  0  0 2026-09-21 18:21:36
 8  0      0 10241648  19268 364976    0    0     0     0 76337 33431 63  8 29  0  0  0 2026-09-21 18:21:37
procs -----------memory---------- ---swap-- -----io---- -system-- -------cpu------- -----timestamp-----
 r  b   swpd   free   buff  cache   si   so    bi    bo   in   cs us sy id wa st gu                 UTC
 5  0      0 10193248  19268 364988    0    0     0     0 76589 45015 53  8 39  0  0  0 2026-09-21 18:21:38
 1  0      0 10115380  19268 365180    0    0     0     0 70978 30833 66  8 26  0  0  0 2026-09-21 18:21:39
 8  0      0 10115380  19268 365180    0    0     0     0 73004 43604 56  8 36  0  0  0 2026-09-21 18:21:40
 7  0      0 10039780  19268 365196    0    0     0     0 73954 35930 60  8 32  0  0  0 2026-09-21 18:21:41
 3  0      0 9970088  19268 365412    0    0     0     0 69186 31608 67  8 26  0  0  0 2026-09-21 18:21:42
 8  0      0 9970088  19268 365420    0    0     0     0 73350 41108 54  8 38  0  0  0 2026-09-21 18:21:43
 1  0      0 9837788  19268 365464    0    0     0     0 75019 27018 66  8 26  0  0  0 2026-09-21 18:21:44
 6  0      0 9810632  19268 365652    0    0     0     0 68461 29259 68  7 26  0  0  0 2026-09-21 18:21:45
 8  0      0 9810632  19268 365660    0    0     0     0 75120 43770 51  8 41  0  0  0 2026-09-21 18:21:46
 4  0      0 9735040  19268 365844    0    0     0     0 64932 25432 69  7 24  0  0  0 2026-09-21 18:21:47
 8  0      0 9735040  19268 365848    0    0     0     0 67066 26642 68  7 25  0  0  0 2026-09-21 18:21:48
 8  0      0 9655408  19268 365852    0    0     0     0 83476 39828 60  8 32  0  0  0 2026-09-21 18:21:49
 9  0      0 9445380  19268 366068    0    0     0     0 79149 23988 71  9 20  0  0  0 2026-09-21 18:21:50
 3  0      0 9445156  19268 366084    0    0     0     0 74636 42832 54  8 39  0  0  0 2026-09-21 18:21:51
 0  0      0 9302332  19268 366108    0    0     0     0 69090 23774 73  8 19  0  0  0 2026-09-21 18:21:52
 8  0      0 9302332  19268 366108    0    0     0     0 70204 37366 59  7 34  0  0  0 2026-09-21 18:21:53
 8  0      0 9301352  19268 366248    0    0     0     0 68119 29829 65  7 28  0  0  0 2026-09-21 18:21:54
 1  0      0 9300624  19268 366332    0    0     0     0 61987 20728 73  6 21  0  0  0 2026-09-21 18:21:55
 8  0      0 9300624  19268 366332    0    0     0     0 70961 39620 53  7 40  0  0  0 2026-09-21 18:21:56
 8  0      0 9265876  19268 366576    0    0     0     0 60553 20270 75  7 18  0  0  0 2026-09-21 18:21:57
 8  0      0 9265652  19268 366576    0    0     0     0 67105 32929 61  7 32  0  0  0 2026-09-21 18:21:58
procs -----------memory---------- ---swap-- -----io---- -system-- -------cpu------- -----timestamp-----
 r  b   swpd   free   buff  cache   si   so    bi    bo   in   cs us sy id wa st gu                 UTC
 2  0      0 9157824  19268 366592    0    0     0     8 72839 30567 64  8 28  0  0  0 2026-09-21 18:21:59
 0  0      0 9157376  19268 366916    0    0     0     0 22282 24293  4  1 95  0  0  0 2026-09-21 18:22:00
 0  0      0 9157376  19268 366916    0    0     0     0  954 1369  0  0 100  0  0  0 2026-09-21 18:22:01
 0  0      0 9156620  19268 366924    0    0     0     0 1301 1461  0  0 100  0  0  0 2026-09-21 18:22:02
 0  0      0 9156620  19268 366920    0    0     0    20 1204 1991  0  0 100  0  0  0 2026-09-21 18:22:03
 1  0      0 11461288  19276 366920    0    0     0    36 1813 1298  0  1 98  0  0  0 2026-09-21 18:22:04
