procs -----------memory---------- ---swap-- -----io---- -system-- -------cpu------- -----timestamp-----
 r  b   swpd   free   buff  cache   si   so    bi    bo   in   cs us sy id wa st gu                 UTC
 1  0      0 1500996  83940 2046320    0    0   253   957  520    3  4  1 93  1  0  0 2026-09-21 16:31:19
 0  0      0 1500996  83940 2046296    0    0     0     0  202  231  0  1 100  0  0  0 2026-09-21 16:31:20
 0  0      0 1502684  83940 2046296    0    0     0     0   28   49  0  0 100  0  0  0 2026-09-21 16:31:21
 0  0      0 1502684  83940 2046296    0    0     0     0   55   72  0  0 100  0  0  0 2026-09-21 16:31:22
 0  0      0 1504488  83940 2046296    0    0     0     0   40   56  0  0 100  0  0  0 2026-09-21 16:31:23
 0  0      0 1506064  83940 2046296    0    0     0     0   36   39  0  0 100  0  0  0 2026-09-21 16:31:24
 0  0      0 1507444  83940 2046296    0    0     0     0   51   58  0  0 100  0  0  0 2026-09-21 16:31:25
 0  0      0 1507768  83940 2046296    0    0     0     0   42   47  0  0 99  0  0  0 2026-09-21 16:31:26
 0  0      0 1507768  83940 2046296    0    0     0     0   25   41  0  0 100  0  0  0 2026-09-21 16:31:27
 0  0      0 1507768  83940 2046296    0    0     0     0   33   39  0  0 100  0  0  0 2026-09-21 16:31:28
 0  0      0 1507768  83940 2046296    0    0     0     0   33   39  0  0 100  0  0  0 2026-09-21 16:31:29
 0  0      0 1507768  83940 2046296    0    0     0     0   44   47  1  0 100  0  0  0 2026-09-21 16:31:30
 0  0      0 1507768  83940 2046296    0    0     0     0   26   35  0  0 100  0  0  0 2026-09-21 16:31:31
 0  0      0 1509472  83940 2046296    0    0     0  4860   85  106  0  0 100  1  0  0 2026-09-21 16:31:32
 0  0      0 1509472  83940 2046296    0    0     0     0   30   39  0  0 100  0  0  0 2026-09-21 16:31:33
 0  0      0 1509472  83940 2046296    0    0     0     0   37   44  0  0 100  0  0  0 2026-09-21 16:31:34
 0  0      0 1509472  83940 2046296    0    0     0     0   26   34  0  0 100  0  0  0 2026-09-21 16:31:35
 0  0      0 1509472  83940 2046296    0    0     0     0   24   37  0  0 100  0  0  0 2026-09-21 16:31:36
 0  0      0 1509472  83940 2046296    0    0     0     0   34   44  0  0 100  0  0  0 2026-09-21 16:31:37
 0  0      0 1509472  83940 2046296    0    0     0     0   45   45  0  0 100  0  0  0 2026-09-21 16:31:38
 0  0      0 1509472  83940 2046296    0    0     0     0   33   39  0  1 100  0  0  0 2026-09-21 16:31:39
procs -----------memory---------- ---swap-- -----io---- -system-- -------cpu------- -----timestamp-----
 r  b   swpd   free   buff  cache   si   so    bi    bo   in   cs us sy id wa st gu                 UTC
 0  0      0 1509472  83940 2046296    0    0     0     0   31   39  0  0 100  0  0  0 2026-09-21 16:31:40
 0  0      0 1509472  83940 2046296    0    0     0     8   44   45  0  0 100  0  0  0 2026-09-21 16:31:41
 0  0      0 1509472  83940 2046296    0    0     0     0   62   77  0  0 100  0  0  0 2026-09-21 16:31:42
 0  0      0 1509472  83940 2046296    0    0     0     0   31   38  0  0 100  0  0  0 2026-09-21 16:31:43
 0  0      0 1509472  83940 2046296    0    0     0     0   33   43  0  0 100  0  0  0 2026-09-21 16:31:44
 0  0      0 1509472  83944 2046292    0    0     0   124   40   52  0  0 100  0  0  0 2026-09-21 16:31:45
 1  0      0 1509472  83944 2046296    0    0     0     0   44   51  0  0 100  0  0  0 2026-09-21 16:31:46
 1  0      0 1509472  83944 2046296    0    0     0  4436   68   77  1  0 99  1  0  0 2026-09-21 16:31:47
 1  0      0 1509472  83944 2046296    0    0     0     0   34   46  0  0 100  0  0  0 2026-09-21 16:31:48
 1  0      0 1509472  83944 2046296    0    0     0     0   28   44  0  0 100  0  0  0 2026-09-21 16:31:49
 1  0      0 1509472  83944 2046296    0    0     0     0   52   60  0  0 100  0  0  0 2026-09-21 16:31:50
 1  0      0 1509472  83944 2046296    0    0     0     8   36   43  0  0 100  0  0  0 2026-09-21 16:31:51
 1  0      0 1509472  83944 2046296    0    0     0     0   37   41  0  0 100  0  0  0 2026-09-21 16:31:52
 1  0      0 1509472  83944 2046296    0    0     0     0   34   44  0  0 100  0  0  0 2026-09-21 16:31:53
 1  0      0 1509472  83944 2046300    0    0     0     0   41   50  0  0 100  0  0  0 2026-09-21 16:31:54
 2  0      0 1509472  83944 2046300    0    0     0     0   38   43  0  0 100  0  0  0 2026-09-21 16:31:55
 1  0      0 1509472  83944 2046304    0    0     0     0   33   48  0  0 100  0  0  0 2026-09-21 16:31:56
 1  0      0 1509472  83944 2046304    0    0     0     0   50   61  0  0 100  0  0  0 2026-09-21 16:31:57
 1  0      0 1509472  83944 2046304    0    0     0     0   54   52  1  0 100  0  0  0 2026-09-21 16:31:58
 1  0      0 1509472  83944 2046304    0    0     0     0   28   37  0  0 100  0  0  0 2026-09-21 16:31:59
 0  0      0 1509472  83944 2046304    0    0     0     0   37   38  0  0 100  0  0  0 2026-09-21 16:32:00
procs -----------memory---------- ---swap-- -----io---- -system-- -------cpu------- -----timestamp-----
 r  b   swpd   free   buff  cache   si   so    bi    bo   in   cs us sy id wa st gu                 UTC
 0  0      0 1509220  83944 2046304    0    0     0     0  110  110  0  1 100  0  0  0 2026-09-21 16:32:01
 0  0      0 1509220  83944 2046304    0    0     0     0   42   53  0  0 100  0  0  0 2026-09-21 16:32:02
 0  0      0 1509220  83944 2046304    0    0     0     0   33   39  0  0 100  0  0  0 2026-09-21 16:32:03
 0  0      0 1509220  83944 2046304    0    0     0     0   32   41  0  0 100  0  0  0 2026-09-21 16:32:04
 0  0      0 1509220  83944 2046304    0    0     0     0   29   43  0  0 100  0  0  0 2026-09-21 16:32:05
 0  0      0 1509220  83944 2046304    0    0     0     0   41   48  0  0 100  0  0  0 2026-09-21 16:32:06
 0  0      0 1509220  83944 2046304    0    0     0     0   36   53  0  0 100  0  0  0 2026-09-21 16:32:07
 0  0      0 1509220  83944 2046304    0    0     0     0   29   37  0  0 100  0  0  0 2026-09-21 16:32:08
 0  0      0 1509220  83944 2046304    0    0     0     0   33   41  0  0 100  0  0  0 2026-09-21 16:32:09
 0  0      0 1509220  83944 2046304    0    0     0     0   36   43  0  0 100  0  0  0 2026-09-21 16:32:10
 0  0      0 1509220  83944 2046304    0    0     0     0   27   41  0  0 100  0  0  0 2026-09-21 16:32:11
 0  0      0 1509220  83944 2046304    0    0     0     0   37   43  0  0 100  0  0  0 2026-09-21 16:32:12
 0  0      0 1509220  83944 2046304    0    0     0     0   29   34  0  0 100  0  0  0 2026-09-21 16:32:13
 0  0      0 1509220  83944 2046304    0    0     0     0   54   49  0  0 100  0  0  0 2026-09-21 16:32:14
 0  1      0 1509220  83948 2046300    0    0     0    48   29   36  0  0 100  0  0  0 2026-09-21 16:32:15
 0  0      0 1509220  83948 2046304    0    0     0   120   53   55  0  0 100  0  0  0 2026-09-21 16:32:16
 0  0      0 1509220  83948 2046304    0    0     0     0   32   42  0  0 100  0  0  0 2026-09-21 16:32:17
 0  0      0 1509220  83948 2046304    0    0     0     0   41   45  0  0 100  0  0  0 2026-09-21 16:32:18
 0  0      0 1509220  83948 2046304    0    0     0     0   28   34  1  0 100  0  0  0 2026-09-21 16:32:19
 0  0      0 1509220  83948 2046304    0    0     0     0   32   37  0  0 100  0  0  0 2026-09-21 16:32:20
 0  0      0 1509220  83948 2046304    0    0     0     0   35   44  0  0 100  0  0  0 2026-09-21 16:32:21
procs -----------memory---------- ---swap-- -----io---- -system-- -------cpu------- -----timestamp-----
 r  b   swpd   free   buff  cache   si   so    bi    bo   in   cs us sy id wa st gu                 UTC
 0  0      0 1509220  83948 2046304    0    0     0    16   55   62  0  0 100  0  0  0 2026-09-21 16:32:22
 0  0      0 1509220  83948 2046304    0    0     0     0   32   43  0  0 100  0  0  0 2026-09-21 16:32:23
 0  0      0 1509220  83948 2046304    0    0     0     0   30   38  0  0 100  0  0  0 2026-09-21 16:32:24
 0  0      0 1509220  83948 2046304    0    0     0     0   28   41  0  0 100  0  0  0 2026-09-21 16:32:25
 0  0      0 1509220  83948 2046304    0    0     0     0   48   47  0  0 100  0  0  0 2026-09-21 16:32:26
 0  0      0 1509220  83948 2046304    0    0     0     0   32   37  0  0 100  0  0  0 2026-09-21 16:32:27
 0  0      0 1480264  83948 2046300    0    0     0     4 1034 1077 14  4 82  0  0  0 2026-09-21 16:32:28
