procs -----------memory---------- ---swap-- -----io---- -system-- -------cpu------- -----timestamp-----
 r  b   swpd   free   buff  cache   si   so    bi    bo   in   cs us sy id wa st gu                 UTC
 1  0      0 2867860  20220 395280    0    0   212   161 11234   14 11 12 77  0  0  0 2026-09-21 22:09:23
 0  0      0 2867860  20220 395244    0    0     0  4096 1139 1335  3  2 95  1  0  0 2026-09-21 22:09:24
 0  0      0 2867860  20220 395244    0    0     0     0   46   53  0  0 100  0  0  0 2026-09-21 22:09:25
 1  0      0 2867860  20220 395244    0    0     0     0  223  183  0  0 99  0  0  0 2026-09-21 22:09:26
 0  0      0 2867860  20220 395244    0    0     0     0 4704 3128  3  1 96  0  0  0 2026-09-21 22:09:27
 0  0      0 2867860  20220 395244    0    0     0     8 3336 1943  1  2 97  0  0  0 2026-09-21 22:09:28
 0  0      0 2867860  20232 395276    0    0     0   140 7559 4076  3  3 94  0  0  0 2026-09-21 22:09:29
 0  0      0 2867860  20232 395292    0    0     0     0 7702 4374  5  3 93  0  0  0 2026-09-21 22:09:30
 0  0      0 2867860  20232 395324    0    0     0     0 10262 6151  6  4 91  0  0  0 2026-09-21 22:09:31
 0  0      0 2869188  20232 395420    0    0     0     0 13133 7505  9  5 86  0  0  0 2026-09-21 22:09:32
 0  0      0 2872532  20232 395468    0    0     0     0 15119 8482  9  6 85  0  0  0 2026-09-21 22:09:33
 0  0      0 2873004  20232 395580    0    0     0  4388 16366 9204 11  9 80  0  0  0 2026-09-21 22:09:34
 0  0      0 2873988  20232 395660    0    0     0     0 22775 12050 14 10 77  0  0  0 2026-09-21 22:09:35
 1  0      0 2881600  20232 395836    0    0     0     0 24566 12139 19 13 67  0  0  0 2026-09-21 22:09:36
 1  0      0 2877840  20232 395996    0    0     0     0 26187 13900 21 19 60  0  0  0 2026-09-21 22:09:37
 4  0      0 2877132  20232 396268    0    0     0     0 31946 14207 31 20 48  0  0  0 2026-09-21 22:09:38
 2  0      0 2877424  20232 396480    0    0     0     0 34270 13706 38 23 39  0  0  0 2026-09-21 22:09:39
 0  0      0 2877400  20232 396752    0    0     0     0 36506 14258 36 27 38  0  0  0 2026-09-21 22:09:40
 3  0      0 2874512  20232 397156    0    0     0     0 35875 10153 44 30 26  0  0  0 2026-09-21 22:09:41
 3  0      0 2873084  20232 397528    0    0     0     0 37936 8628 46 34 20  0  0  0 2026-09-21 22:09:42
 3  0      0 2872524  20232 397940    0    0     0     0 37087 6303 49 36 15  0  0  0 2026-09-21 22:09:43
procs -----------memory---------- ---swap-- -----io---- -system-- -------cpu------- -----timestamp-----
 r  b   swpd   free   buff  cache   si   so    bi    bo   in   cs us sy id wa st gu                 UTC
 2  0      0 2871552  20232 398408    0    0     0     0 39411 7003 46 36 18  0  0  0 2026-09-21 22:09:44
 3  0      0 2868824  20232 398920    0    0     0     0 35233 3796 53 38  9  0  0  0 2026-09-21 22:09:45
 3  0      0 2867564  20232 399172    0    0     0     0 37462 9157 40 35 25  0  0  0 2026-09-21 22:09:46
 4  0      0 2867976  20232 399628    0    0     0     0 39019 4402 52 39  9  0  0  0 2026-09-21 22:09:47
 3  0      0 2867256  20232 400056    0    0     0     0 38908 6325 44 40 15  0  0  0 2026-09-21 22:09:48
 5  0      0 2865648  20232 400392    0    0     0     0 38170 6054 43 40 18  0  0  0 2026-09-21 22:09:49
 3  0      0 2862632  20232 400820    0    0     0     0 39420 5735 47 40 13  0  0  0 2026-09-21 22:09:50
 3  0      0 2861272  20232 401060    0    0     0     0 38200 6453 45 40 16  0  0  0 2026-09-21 22:09:51
 3  0      0 2858552  20232 401452    0    0     0     0 40615 6921 43 39 18  0  0  0 2026-09-21 22:09:52
 3  0      0 2859752  20232 401912    0    0     0     0 39914 7080 44 39 17  0  0  0 2026-09-21 22:09:53
 4  0      0 2858580  20232 401964    0    0     0     8 39477 8230 39 40 21  0  0  0 2026-09-21 22:09:54
 3  0      0 2858656  20232 402260    0    0     0  1704 37392 7293 40 40 21  0  0  0 2026-09-21 22:09:55
 3  0      0 2857944  20232 402512    0    0     0     0 39669 8424 39 38 23  0  0  0 2026-09-21 22:09:56
 3  0      0 2858344  20232 402848    0    0     0     0 41191 8775 41 43 17  0  0  0 2026-09-21 22:09:57
 3  0      0 2856340  20232 402968    0    0     0     0 36861 8079 39 41 20  0  0  0 2026-09-21 22:09:58
 5  0      0 2859060  20240 403172    0    0     0   180 42070 4981 44 47 10  0  0  0 2026-09-21 22:09:59
 1  0      0 2858580  20240 403308    0    0     0     0 40003 6550 35 48 17  0  0  0 2026-09-21 22:10:00
 3  0      0 2857708  20248 403652    0    0     0    40 39937 8151 38 44 19  0  0  0 2026-09-21 22:10:01
 2  0      0 2857172  20248 403664    0    0     0     0 38316 7663 36 48 16  0  0  0 2026-09-21 22:10:02
 2  0      0 2857168  20248 403936    0    0     0     0 38673 10308 30 41 29  0  0  0 2026-09-21 22:10:03
 2  0      0 2856560  20248 404168    0    0     0     0 38365 10344 34 36 30  0  0  0 2026-09-21 22:10:04
procs -----------memory---------- ---swap-- -----io---- -system-- -------cpu------- -----timestamp-----
 r  b   swpd   free   buff  cache   si   so    bi    bo   in   cs us sy id wa st gu                 UTC
 0  0      0 2858624  20248 404268    0    0     0     0 39590 7175 37 44 19  0  0  0 2026-09-21 22:10:05
 1  0      0 2857096  20248 404268    0    0     0     0 41138 6224 39 46 15  0  0  0 2026-09-21 22:10:06
 1  0      0 2856232  20248 404564    0    0     0     0 41316 6406 37 50 12  0  0  0 2026-09-21 22:10:07
 2  0      0 2855020  20248 404720    0    0     0     0 39543 10914 32 41 28  0  0  0 2026-09-21 22:10:08
 2  0      0 2853376  20248 404896    0    0     0     0 42942 10283 34 40 27  0  0  0 2026-09-21 22:10:09
 0  0      0 2852568  20248 404896    0    0     0     0 40770 7767 34 49 18  0  0  0 2026-09-21 22:10:10
 0  0      0 2851576  20248 405120    0    0     0     0 42289 3123 38 57  5  0  0  0 2026-09-21 22:10:11
 2  0      0 2850916  20248 405100    0    0     0     0 40883 10242 31 43 26  0  0  0 2026-09-21 22:10:12
 3  0      0 2850608  20248 405232    0    0     0     0 39019 11694 27 39 34  0  0  0 2026-09-21 22:10:13
 1  0      0 2849348  20248 405428    0    0     0     0 39367 8493 30 45 25  0  0  0 2026-09-21 22:10:14
 3  0      0 2848724  20248 405468    0    0     0     0 41101 5203 36 53 11  0  0  0 2026-09-21 22:10:15
 2  0      0 2848380  20248 405488    0    0     0     0 38288 9839 33 42 26  0  0  0 2026-09-21 22:10:16
 2  0      0 2848320  20248 405488    0    0     0     0 41233 9945 32 44 24  0  0  0 2026-09-21 22:10:17
 2  0      0 2848068  20248 405488    0    0     0     0 35449 10229 29 39 32  0  0  0 2026-09-21 22:10:18
 0  0      0 2844652  20248 405488    0    0     0     0 39910 8245 34 45 21  0  0  0 2026-09-21 22:10:19
 2  0      0 2843932  20248 405980    0    0     0     0 39891 5021 36 54 10  0  0  0 2026-09-21 22:10:20
 2  0      0 2843520  20248 405944    0    0     0     0 39671 8093 36 45 20  0  0  0 2026-09-21 22:10:21
 2  0      0 2843440  20248 406036    0    0     0     0 35255 10256 32 38 30  0  0  0 2026-09-21 22:10:22
 2  0      0 2841596  20248 406216    0    0     0     0 34612 7663 36 42 22  0  0  0 2026-09-21 22:10:23
 0  0      0 2840684  20248 406612    0    0     0     0 41107 3375 45 50  6  0  0  0 2026-09-21 22:10:24
 4  0      0 2840680  20248 406592    0    0     0     0 34086 12904 29 26 45  0  0  0 2026-09-21 22:10:25
procs -----------memory---------- ---swap-- -----io---- -system-- -------cpu------- -----timestamp-----
 r  b   swpd   free   buff  cache   si   so    bi    bo   in   cs us sy id wa st gu                 UTC
 0  0      0 2841204  20248 406804    0    0     0    24 38205 11099 30 37 33  0  0  0 2026-09-21 22:10:26
 0  0      0 2840448  20248 406800    0    0     0     0 23679 7734 29 19 52  0  0  0 2026-09-21 22:10:27
 0  0      0 2840580  20248 406800    0    0     0     0  676  311  1  0 99  0  0  0 2026-09-21 22:10:28
 0  0      0 2840580  20248 406800    0    0     0     0  138   74  0  0 100  0  0  0 2026-09-21 22:10:29
 0  0      0 2840452  20248 406932    0    0     0     0  326  251  0  1 99  0  0  0 2026-09-21 22:10:30
 0  0      0 2840452  20256 406924    0    0     0    40   98   75  0  0 99  0  0  0 2026-09-21 22:10:31
 4  0      0 2852264  20256 401844    0    0     0  2388 10607 1357 19 14 67  0  0  0 2026-09-21 22:10:32
