procs -----------memory---------- ---swap-- -----io---- -system-- -------cpu------- -----timestamp-----
 r  b   swpd   free   buff  cache   si   so    bi    bo   in   cs us sy id wa st gu                 UTC
 1  0      0 3148064  23340 393000    0    0   199   205 11125   35 15  8 76  0  0  0 2026-09-21 22:09:23
 0  0      0 3146772  23340 392976    0    0     0    20 1027 1256  4  2 94  0  0  0 2026-09-21 22:09:24
 0  0      0 3130392  23340 392976    0    0     0     0 1133 1127  7  3 91  0  0  0 2026-09-21 22:09:25
 0  0      0 3145228  23340 392976    0    0     0     0 1946 2539  5  2 93  0  0  0 2026-09-21 22:09:26
 0  0      0 3144976  23348 392976    0    0     0   140 3397 3779  3  3 94  1  0  0 2026-09-21 22:09:27
 0  0      0 3145856  23348 392976    0    0     0     0 4292 5398  3  4 93  0  0  0 2026-09-21 22:09:28
 0  0      0 3143840  23348 392976    0    0     0    16 6308 7324  4  3 93  0  0  0 2026-09-21 22:09:29
 3  0      0 3138548  23348 392976    0    0     0     0 8722 10551  6  5 89  0  0  0 2026-09-21 22:09:30
 0  0      0 3180336  23348 392976    0    0     0     0 10017 11594  6  5 89  0  0  0 2026-09-21 22:09:31
 0  0      0 3190208  23348 393024    0    0     0     0 11313 13682  8  6 86  0  0  0 2026-09-21 22:09:32
 2  0      0 3191768  23348 393040    0    0     0  4320 12656 14828 10  6 84  0  0  0 2026-09-21 22:09:33
 0  0      0 3195748  23348 393104    0    0     0     0 15952 18162 11  8 81  0  0  0 2026-09-21 22:09:34
 0  0      0 3197404  23348 393136    0    0     0     0 18515 21164 13  9 78  0  0  0 2026-09-21 22:09:35
 2  0      0 3197404  23348 393248    0    0     0     0 26126 26487 19 11 69  0  0  0 2026-09-21 22:09:36
 0  0      0 3197156  23348 393408    0    0     0     0 26209 27455 19 13 68  0  0  0 2026-09-21 22:09:37
 1  0      0 3193164  23348 393456    0    0     0     0 30696 30805 24 14 61  0  0  0 2026-09-21 22:09:38
 3  0      0 3187580  23348 393632    0    0     0     0 33597 33173 27 17 56  0  0  0 2026-09-21 22:09:39
 3  0      0 3178008  23348 393792    0    0     0     0 33973 34044 26 18 56  0  0  0 2026-09-21 22:09:40
 1  0      0 3169956  23348 394064    0    0     0     0 36463 33651 31 19 50  0  0  0 2026-09-21 22:09:41
 1  0      0 3157920  23348 394184    0    0     0     0 39190 35493 33 20 48  0  0  0 2026-09-21 22:09:42
 3  0      0 3151964  23348 394424    0    0     0  1760 38945 34164 34 21 45  0  0  0 2026-09-21 22:09:43
procs -----------memory---------- ---swap-- -----io---- -system-- -------cpu------- -----timestamp-----
 r  b   swpd   free   buff  cache   si   so    bi    bo   in   cs us sy id wa st gu                 UTC
 3  0      0 3141936  23372 394556    0    0     0  1940 36923 33822 34 21 45  1  0  0 2026-09-21 22:09:44
 4  0      0 3135692  23372 394832    0    0     0     0 36947 32108 34 21 45  0  0  0 2026-09-21 22:09:45
 5  0      0 3118120  23372 395064    0    0     0     0 37731 30162 39 23 38  0  0  0 2026-09-21 22:09:46
 4  0      0 3108224  23380 395340    0    0     0    28 37628 29211 39 22 39  0  0  0 2026-09-21 22:09:47
 1  0      0 3094116  23380 395580    0    0     0     0 36182 26787 40 21 38  0  0  0 2026-09-21 22:09:48
 3  0      0 3087620  23380 395732    0    0     0     0 39331 28455 42 22 36  0  0  0 2026-09-21 22:09:49
 3  0      0 3074864  23380 395968    0    0     0     0 36268 23092 46 21 33  0  0  0 2026-09-21 22:09:50
 1  0      0 3068348  23380 396080    0    0     0     0 37200 24045 43 24 34  0  0  0 2026-09-21 22:09:51
 1  0      0 3047068  23380 396420    0    0     0     4 36682 17980 55 23 22  0  0  0 2026-09-21 22:09:52
 4  0      0 3036872  23380 396736    0    0     0     0 35307 18995 49 24 27  0  0  0 2026-09-21 22:09:53
 4  0      0 3024892  23380 396756    0    0     0     0 38694 18040 52 25 22  0  0  0 2026-09-21 22:09:54
 3  0      0 3018452  23380 396912    0    0     0    12 38142 19477 50 22 28  0  0  0 2026-09-21 22:09:55
 5  0      0 3015472  23380 397064    0    0     0     0 38367 21409 49 26 25  0  0  0 2026-09-21 22:09:56
 3  0      0 3009792  23380 397248    0    0     0     0 39143 16618 55 25 20  0  0  0 2026-09-21 22:09:57
 3  0      0 2998024  23380 397444    0    0     0   108 35739 16024 57 24 19  0  0  0 2026-09-21 22:09:58
 5  0      0 2996452  23380 397468    0    0     0     0 38924 16819 56 24 20  0  0  0 2026-09-21 22:09:59
 4  0      0 2988448  23380 397548    0    0     0     0 37803 18438 49 24 27  0  0  0 2026-09-21 22:10:00
 6  0      0 2986032  23388 397760    0    0     0    52 35365 13182 59 25 16  0  0  0 2026-09-21 22:10:01
 4  0      0 2972592  23388 397860    0    0     0     0 34797 11821 59 24 17  0  0  0 2026-09-21 22:10:02
 3  0      0 2969620  23388 398028    0    0     0     4 38412 22778 48 23 30  0  0  0 2026-09-21 22:10:03
 5  0      0 2964768  23388 398244    0    0     0     0 39586 20439 52 25 23  0  0  0 2026-09-21 22:10:04
procs -----------memory---------- ---swap-- -----io---- -system-- -------cpu------- -----timestamp-----
 r  b   swpd   free   buff  cache   si   so    bi    bo   in   cs us sy id wa st gu                 UTC
 4  0      0 2962464  23388 398308    0    0     0     0 35207 13513 59 26 15  0  0  0 2026-09-21 22:10:05
 4  0      0 2962412  23388 398308    0    0     0     0 35380 13232 59 24 17  0  0  0 2026-09-21 22:10:06
 3  0      0 2961912  23388 398520    0    0     0     0 38375 9124 62 28 10  0  0  0 2026-09-21 22:10:07
 3  0      0 2961656  23388 398656    0    0     0     0 36536 19171 52 24 23  0  0  0 2026-09-21 22:10:08
 3  0      0 2960656  23388 398656    0    0     0     0 36525 17801 54 25 21  0  0  0 2026-09-21 22:10:09
 3  0      0 2957008  23388 398736    0    0     0     0 38474 13859 58 26 16  0  0  0 2026-09-21 22:10:10
 1  0      0 2955628  23388 398860    0    0     0     0 36471 11771 58 28 15  0  0  0 2026-09-21 22:10:11
 3  0      0 2952408  23388 398956    0    0     0     0 38067 13694 59 27 15  0  0  0 2026-09-21 22:10:12
 2  0      0 2947136  23388 399056    0    0     0     0 38224 18834 53 24 23  0  0  0 2026-09-21 22:10:13
 2  0      0 2945052  23388 399076    0    0     0     0 39251 16969 54 26 20  0  0  0 2026-09-21 22:10:14
 3  0      0 2942524  23388 399096    0    0     0     0 36887 10832 58 28 14  0  0  0 2026-09-21 22:10:15
 4  0      0 2935016  23388 399096    0    0     0     0 37945 8513 62 29  9  0  0  0 2026-09-21 22:10:16
 3  0      0 2922112  23388 399096    0    0     0     0 36657 15520 57 25 17  0  0  0 2026-09-21 22:10:17
 3  0      0 2922112  23388 399096    0    0     0     0 37806 18536 53 24 24  0  0  0 2026-09-21 22:10:18
 2  0      0 2921812  23388 399096    0    0     0  4016 36894 16396 55 26 19  0  0  0 2026-09-21 22:10:19
 3  0      0 2920804  23388 399392    0    0     0     0 38051 12144 58 28 15  0  0  0 2026-09-21 22:10:20
 2  0      0 2920052  23388 399428    0    0     0     0 38091 12120 59 27 14  0  0  0 2026-09-21 22:10:21
 3  0      0 2918292  23388 399428    0    0     0     0 37918 23517 43 23 34  0  0  0 2026-09-21 22:10:22
 2  0      0 2913512  23388 399428    0    0     0     0 33563 22316 44 21 34  0  0  0 2026-09-21 22:10:23
 0  0      0 2912756  23388 399684    0    0     0     0 36818 16738 53 25 22  0  0  0 2026-09-21 22:10:24
 2  0      0 2909620  23388 399680    0    0     0     0 35778 26443 43 19 38  0  0  0 2026-09-21 22:10:25
procs -----------memory---------- ---swap-- -----io---- -system-- -------cpu------- -----timestamp-----
 r  b   swpd   free   buff  cache   si   so    bi    bo   in   cs us sy id wa st gu                 UTC
 3  0      0 2906516  23388 399844    0    0     0    24 40672 27022 44 29 27  0  0  0 2026-09-21 22:10:26
 0  0      0 2903036  23388 399828    0    0     0     0 19947 18768 27 10 63  0  0  0 2026-09-21 22:10:27
 0  0      0 2902020  23388 399828    0    0     0     0  757  895  2  2 97  0  0  0 2026-09-21 22:10:28
 0  0      0 2902012  23388 399828    0    0     0     0  730  853  2  2 97  0  0  0 2026-09-21 22:10:29
 0  0      0 2902012  23388 399828    0    0     0     0  792  898  2  2 96  0  0  0 2026-09-21 22:10:30
 0  0      0 2902012  23396 399820    0    0     0    56  784  944  2  2 96  0  0  0 2026-09-21 22:10:31
 1  0      0 2896224  23396 397524    0    0     0    44 13803 14381 21 13 66  0  0  0 2026-09-21 22:10:32
