procs -----------memory---------- ---swap-- -----io---- -system-- -------cpu------- -----timestamp-----
 r  b   swpd   free   buff  cache   si   so    bi    bo   in   cs us sy id wa st gu                 UTC
 1  0      0 1916076 103832 1590572    0    0   306  2763 6351   48 25  8 65  1  0  0 2026-09-21 16:15:12
 0  0      0 1917760 103832 1590516    0    0     0     0 1263 1437  6  3 91  0  0  0 2026-09-21 16:15:13
 1  0      0 1912552 103832 1590516    0    0     0     0  870  711  8  2 91  0  0  0 2026-09-21 16:15:14
 0  0      0 1910504 103832 1590516    0    0     0     0  858  609  6  1 93  0  0  0 2026-09-21 16:15:15
 5  0      0 1909896 103832 1591444    0    0     0     0 25144 31185 27 16 57  0  0  0 2026-09-21 16:15:16
 3  0      0 1909824 103832 1594844    0    0     0     0 36773 48500 34 26 40  0  0  0 2026-09-21 16:15:17
 3  0      0 1908420 103832 1596172    0    0     0     0 37333 45681 40 30 30  0  0  0 2026-09-21 16:15:18
 6  0      0 1908628 103832 1597824    0    0     0     0 38778 42005 44 33 23  0  0  0 2026-09-21 16:15:19
 0  0      0 1906124 103832 1599344    0    0     0  7432 40122 43948 44 31 24  0  0  0 2026-09-21 16:15:20
 2  0      0 1905360 103832 1600864    0    0     0     0 40363 45178 43 31 26  0  0  0 2026-09-21 16:15:21
 4  0      0 1902596 103832 1602300    0    0     0     0 40848 45255 43 30 27  0  0  0 2026-09-21 16:15:22
 8  0      0 1901068 103832 1604916    0    0     0     0 40066 42503 44 33 24  0  0  0 2026-09-21 16:15:23
 2  0      0 1903476 103832 1606312    0    0     0     0 40408 45921 41 34 26  0  0  0 2026-09-21 16:15:24
 6  0      0 1900928 103832 1607836    0    0     0     0 38560 42926 45 31 24  0  0  0 2026-09-21 16:15:25
 3  0      0 1899864 103832 1609164    0    0     0     0 38538 46319 38 34 28  0  0  0 2026-09-21 16:15:26
 3  0      0 1895824 103832 1610496    0    0     0     0 40091 45463 41 32 27  0  0  0 2026-09-21 16:15:27
 2  0      0 1893396 103832 1611972    0    0     0     0 39910 44023 43 33 24  0  0  0 2026-09-21 16:15:28
 3  0      0 1890696 103832 1613628    0    0     0     0 40362 45483 41 31 28  0  0  0 2026-09-21 16:15:29
 3  0      0 1889192 103832 1614876    0    0     0     0 39251 45821 42 31 26  0  0  0 2026-09-21 16:15:30
 3  0      0 1887820 103832 1616160    0    0     0  8792 40009 46867 39 31 30  1  0  0 2026-09-21 16:15:31
 4  0      0 1887008 103832 1617544    0    0     0     0 41081 45555 41 32 27  0  0  0 2026-09-21 16:15:32
procs -----------memory---------- ---swap-- -----io---- -system-- -------cpu------- -----timestamp-----
 r  b   swpd   free   buff  cache   si   so    bi    bo   in   cs us sy id wa st gu                 UTC
 6  0      0 1884876 103832 1618716    0    0     0    20 40329 46282 41 31 28  0  0  0 2026-09-21 16:15:33
 6  0      0 1878856 103832 1619896    0    0     0     0 38970 43843 45 31 25  0  0  0 2026-09-21 16:15:34
 5  0      0 1878444 103832 1621164    0    0     0 57496 41188 47255 40 31 28  1  0  0 2026-09-21 16:15:35
 6  0      0 1876672 103832 1622416    0    0     0  2616 41018 47973 40 31 30  0  0  0 2026-09-21 16:15:36
 1  0      0 1874380 103832 1624156    0    0     0   136 41225 45093 40 33 27  1  0  0 2026-09-21 16:15:37
 7  0      0 1871948 103832 1625256    0    0     0  5848 40060 46693 39 32 29  0  0  0 2026-09-21 16:15:38
10  0      0 1868168 103832 1626588    0    0     0     0 39618 47189 40 31 30  0  0  0 2026-09-21 16:15:39
 4  0      0 1867548 103832 1627828    0    0     0     0 41190 48421 37 32 31  0  0  0 2026-09-21 16:15:40
 6  0      0 1867100 103832 1629184    0    0     0  2636 40706 45615 40 32 28  0  0  0 2026-09-21 16:15:41
 4  0      0 1864752 103832 1630176    0    0     0     0 43586 52696 33 28 38  0  0  0 2026-09-21 16:15:42
 0  0      0 1863376 103832 1631248    0    0     0  1164 41451 49976 36 30 35  0  0  0 2026-09-21 16:15:43
 5  0      0 1862680 103832 1632356    0    0     0     0 40498 47790 38 30 32  0  0  0 2026-09-21 16:15:44
 0  0      0 1862200 103832 1633700    0    0     0    24 39401 47099 40 28 32  0  0  0 2026-09-21 16:15:45
 0  0      0 1861224 103832 1634808    0    0     0  2268 42904 51094 37 28 35  0  0  0 2026-09-21 16:15:46
 6  0      0 1859916 103832 1635972    0    0     0     0 39558 45075 39 31 30  0  0  0 2026-09-21 16:15:47
 3  0      0 1858460 103832 1637128    0    0     0     0 40245 50748 35 28 38  0  0  0 2026-09-21 16:15:48
 2  0      0 1856816 103832 1638192    0    0     0     0 39335 48135 38 28 34  0  0  0 2026-09-21 16:15:49
 3  0      0 1856092 103832 1639000    0    0     0     0 41313 50429 35 31 35  0  0  0 2026-09-21 16:15:50
 0  0      0 1855368 103832 1639608    0    0     0     0 40476 49407 37 27 35  0  0  0 2026-09-21 16:15:51
 4  0      0 1853800 103832 1640612    0    0     0     0 43282 51710 35 30 35  0  0  0 2026-09-21 16:15:52
 6  0      0 1852964 103832 1641608    0    0     0     0 39954 49342 34 29 37  0  0  0 2026-09-21 16:15:53
procs -----------memory---------- ---swap-- -----io---- -system-- -------cpu------- -----timestamp-----
 r  b   swpd   free   buff  cache   si   so    bi    bo   in   cs us sy id wa st gu                 UTC
 4  0      0 1849696 103832 1642828    0    0     0     0 40395 47589 39 31 30  0  0  0 2026-09-21 16:15:54
 1  0      0 1847800 103832 1643920    0    0     0     0 40904 47849 39 29 31  0  0  0 2026-09-21 16:15:55
 3  0      0 1846204 103832 1645068    0    0     0     0 41488 50221 35 30 34  0  0  0 2026-09-21 16:15:56
 3  0      0 1844260 103832 1646096    0    0     0     0 40249 48664 36 29 34  0  0  0 2026-09-21 16:15:57
 1  0      0 1841644 103832 1647112    0    0     0     0 43963 53362 34 28 39  0  0  0 2026-09-21 16:15:58
 1  0      0 1839032 103832 1647992    0    0     0     0 40937 50115 36 29 35  0  0  0 2026-09-21 16:15:59
 6  0      0 1838648 103832 1649084    0    0     0     0 40240 48800 35 29 35  0  0  0 2026-09-21 16:16:00
 3  0      0 1837044 103832 1650248    0    0     0     0 38156 46622 37 30 33  0  0  0 2026-09-21 16:16:01
 3  0      0 1836660 103832 1651248    0    0     0     0 41102 51028 34 28 38  0  0  0 2026-09-21 16:16:02
 1  0      0 1836028 103832 1651964    0    0     0     0 40994 48898 36 29 35  0  0  0 2026-09-21 16:16:03
 1  0      0 1835088 103832 1653324    0    0     0     0 42390 51281 33 31 36  0  0  0 2026-09-21 16:16:04
 3  0      0 1834456 103832 1654424    0    0     0     0 41154 49960 35 29 36  0  0  0 2026-09-21 16:16:05
 0  0      0 1830872 103832 1657920    0    0     0 41808 40788 49387 37 28 34  1  0  0 2026-09-21 16:16:06
 3  0      0 1829040 103832 1658900    0    0     0   192 42552 50494 36 28 36  0  0  0 2026-09-21 16:16:07
 5  0      0 1828152 103832 1659876    0    0     0     0 43270 51716 35 29 37  0  0  0 2026-09-21 16:16:08
 4  0      0 1827320 103832 1660892    0    0     0     0 42186 50996 35 30 35  0  0  0 2026-09-21 16:16:09
 3  0      0 1826132 103832 1661948    0    0     0     0 40762 48691 34 30 35  0  0  0 2026-09-21 16:16:10
 6  0      0 1822344 103832 1662996    0    0     0     0 41156 49719 36 29 35  0  0  0 2026-09-21 16:16:11
 3  0      0 1822072 103832 1663796    0    0     0     0 40102 49848 34 27 39  0  0  0 2026-09-21 16:16:12
 5  0      0 1820668 103832 1665444    0    0     0     0 42956 51929 33 28 39  0  0  0 2026-09-21 16:16:13
 3  0      0 1819156 103832 1667276    0    0     0  6500 41222 50174 36 26 38  0  0  0 2026-09-21 16:16:14
procs -----------memory---------- ---swap-- -----io---- -system-- -------cpu------- -----timestamp-----
 r  b   swpd   free   buff  cache   si   so    bi    bo   in   cs us sy id wa st gu                 UTC
 3  0      0 1817932 103832 1668236    0    0     0     0 41680 52585 32 27 40  0  0  0 2026-09-21 16:16:15
 1  0      0 1817556 103832 1669304    0    0     0    32 41851 52851 35 25 41  0  0  0 2026-09-21 16:16:16
 2  0      0 1819676 103832 1670132    0    0     0 12672 43546 52450 35 29 36  0  0  0 2026-09-21 16:16:17
 6  0      0 1818032 103832 1671040    0    0     0     0 42853 52236 34 30 36  0  0  0 2026-09-21 16:16:18
 3  0      0 1817532 103832 1672188    0    0     0     0 41453 48649 38 33 29  0  0  0 2026-09-21 16:16:19
 3  0      0 1819600 103832 1673896    0    0     0     0 37266 42620 46 31 23  0  0  0 2026-09-21 16:16:20
 3  0      0 1776160 103832 1675408    0    0     0     0 15973 18051 59 18 23  0  0  0 2026-09-21 16:16:21
