procs -----------memory---------- ---swap-- -----io---- -system-- -------cpu------- -----timestamp-----
 r  b   swpd   free   buff  cache   si   so    bi    bo   in   cs us sy id wa st gu                 UTC
 1  0      0 1501160  83772 2045208    0    0   364  1287  693    4  6  2 90  2  0  0 2026-09-21 16:15:12
 0  0      0 1501076  83772 2045192    0    0     0     0  154  208  0  0 100  0  0  0 2026-09-21 16:15:13
 0  0      0 1503448  83772 2045192    0    0     0     0   66   76  0  1 100  0  0  0 2026-09-21 16:15:14
 0  0      0 1505732  83772 2045192    0    0     0     0   41   52  0  0 100  0  0  0 2026-09-21 16:15:15
 0  0      0 1507732  83772 2045192    0    0     0     0   36   44  0  0 100  0  0  0 2026-09-21 16:15:16
 1  0      0 1509480  83772 2045192    0    0     0     0   39   48  0  0 100  0  0  0 2026-09-21 16:15:17
 1  0      0 1511012  83772 2045192    0    0     0     0   52   53  0  0 100  0  0  0 2026-09-21 16:15:18
 1  0      0 1512352  83772 2045192    0    0     0     0   32   41  0  0 100  0  0  0 2026-09-21 16:15:19
 1  0      0 1512396  83772 2045192    0    0     0     0   35   47  0  0 100  0  0  0 2026-09-21 16:15:20
 1  0      0 1512396  83772 2045192    0    0     0     0   28   34  0  0 100  0  0  0 2026-09-21 16:15:21
 1  0      0 1512396  83772 2045192    0    0     0     0   48   55  0  1 100  0  0  0 2026-09-21 16:15:22
 1  0      0 1512396  83772 2045192    0    0     0     0   32   37  0  0 100  0  0  0 2026-09-21 16:15:23
 1  0      0 1512396  83772 2045192    0    0     0     0   31   47  0  0 100  0  0  0 2026-09-21 16:15:24
 1  0      0 1512396  83772 2045192    0    0     0     0   35   41  0  0 100  0  0  0 2026-09-21 16:15:25
 1  0      0 1512396  83772 2045192    0    0     0     0   41   50  0  0 100  0  0  0 2026-09-21 16:15:26
 1  0      0 1512396  83772 2045192    0    0     0     0   25   28  0  0 100  0  0  0 2026-09-21 16:15:27
 1  0      0 1512820  83776 2045192    0    0     0   292   57   65  0  0 99  1  0  0 2026-09-21 16:15:28
 1  0      0 1512820  83776 2045192    0    0     0     0   34   47  0  0 100  0  0  0 2026-09-21 16:15:29
 1  0      0 1512820  83776 2045192    0    0     0     0   50   53  0  0 100  0  0  0 2026-09-21 16:15:30
 0  0      0 1512820  83776 2045192    0    0     0     0   41   42  0  0 100  0  0  0 2026-09-21 16:15:31
 0  0      0 1512820  83776 2045192    0    0     0     0   27   38  0  0 100  0  0  0 2026-09-21 16:15:32
procs -----------memory---------- ---swap-- -----io---- -system-- -------cpu------- -----timestamp-----
 r  b   swpd   free   buff  cache   si   so    bi    bo   in   cs us sy id wa st gu                 UTC
 0  0      0 1512820  83776 2045192    0    0     0     0   34   41  0  0 100  0  0  0 2026-09-21 16:15:33
 0  0      0 1512820  83776 2045192    0    0     0    16   58   65  0  0 100  0  0  0 2026-09-21 16:15:34
 0  0      0 1512820  83776 2045192    0    0     0     0   30   41  0  0 100  0  0  0 2026-09-21 16:15:35
 0  0      0 1512820  83776 2045192    0    0     0     0   38   45  0  0 100  0  0  0 2026-09-21 16:15:36
 0  0      0 1512820  83776 2045192    0    0     0     0   33   36  0  0 100  0  0  0 2026-09-21 16:15:37
 0  0      0 1512820  83776 2045192    0    0     0     0   46   49  0  0 100  0  0  0 2026-09-21 16:15:38
 0  0      0 1512820  83776 2045192    0    0     0  8832  132  157  0  0 99  1  0  0 2026-09-21 16:15:39
 0  0      0 1512820  83776 2045192    0    0     0     0   39   48  0  0 100  0  0  0 2026-09-21 16:15:40
 0  0      0 1512820  83776 2045192    0    0     0     0   28   41  0  0 100  0  0  0 2026-09-21 16:15:41
 0  0      0 1512820  83776 2045192    0    0     0     0   95  110  1  0 100  0  0  0 2026-09-21 16:15:42
 0  0      0 1512820  83776 2045192    0    0     0     0   47   45  0  0 100  0  0  0 2026-09-21 16:15:43
 0  0      0 1512820  83776 2045192    0    0     0     0   59   59  0  0 100  0  0  0 2026-09-21 16:15:44
 0  0      0 1512820  83776 2045192    0    0     0     8   43   46  0  0 100  0  0  0 2026-09-21 16:15:45
 0  0      0 1512820  83776 2045192    0    0     0     0   65   61  0  0 100  0  0  0 2026-09-21 16:15:46
 0  0      0 1512820  83776 2045196    0    0     0     0   81   69  0  0 99  0  0  0 2026-09-21 16:15:47
 0  0      0 1512820  83776 2045196    0    0     0     0   31   40  0  0 100  0  0  0 2026-09-21 16:15:48
 0  0      0 1512820  83776 2045196    0    0     0     0   36   41  1  0 100  0  0  0 2026-09-21 16:15:49
 0  0      0 1512820  83776 2045200    0    0     0     0   61   57  0  0 100  0  0  0 2026-09-21 16:15:50
 0  0      0 1512820  83776 2045200    0    0     0     0   28   39  0  0 100  0  0  0 2026-09-21 16:15:51
 0  0      0 1512820  83776 2045200    0    0     0     0   51   65  0  0 100  0  0  0 2026-09-21 16:15:52
 0  0      0 1512820  83776 2045200    0    0     0     0   35   38  0  0 100  0  0  0 2026-09-21 16:15:53
procs -----------memory---------- ---swap-- -----io---- -system-- -------cpu------- -----timestamp-----
 r  b   swpd   free   buff  cache   si   so    bi    bo   in   cs us sy id wa st gu                 UTC
 0  0      0 1512820  83776 2045200    0    0     0     0   46   51  0  0 100  0  0  0 2026-09-21 16:15:54
 0  0      0 1512820  83776 2045200    0    0     0     0   34   37  0  0 100  0  0  0 2026-09-21 16:15:55
 0  0      0 1512820  83776 2045200    0    0     0     0   28   39  0  0 100  0  0  0 2026-09-21 16:15:56
 0  0      0 1512820  83784 2045192    0    0     0    48   37   45  0  0 100  0  0  0 2026-09-21 16:15:57
 0  0      0 1512820  83784 2045200    0    0     0     0   39   48  0  0 100  0  0  0 2026-09-21 16:15:58
 0  0      0 1512820  83784 2045200    0    0     0     0   36   37  0  0 100  0  0  0 2026-09-21 16:15:59
 0  0      0 1512820  83784 2045200    0    0     0     0   42   49  0  0 100  0  0  0 2026-09-21 16:16:00
 0  0      0 1512820  83784 2045200    0    0     0     0   38   37  0  0 100  0  0  0 2026-09-21 16:16:01
 0  0      0 1512568  83784 2045200    0    0     0     0  108  111  1  0 100  0  0  0 2026-09-21 16:16:02
 0  0      0 1512568  83784 2045200    0    0     0     0   46   46  0  0 100  0  0  0 2026-09-21 16:16:03
 0  0      0 1512568  83784 2045200    0    0     0     0   35   47  0  1 100  0  0  0 2026-09-21 16:16:04
 0  0      0 1512568  83784 2045200    0    0     0     0   35   41  0  0 100  0  0  0 2026-09-21 16:16:05
 0  0      0 1512568  83784 2045200    0    0     0     0   48   53  0  0 100  0  0  0 2026-09-21 16:16:06
 1  0      0 1512568  83784 2045200    0    0     0     0   36   47  0  0 100  0  0  0 2026-09-21 16:16:07
 0  0      0 1512568  83784 2045200    0    0     0     0   27   44  0  0 100  0  0  0 2026-09-21 16:16:08
 0  0      0 1512568  83784 2045200    0    0     0     0   32   41  0  0 100  0  0  0 2026-09-21 16:16:09
 0  0      0 1512568  83784 2045200    0    0     0     0   40   43  0  0 100  0  0  0 2026-09-21 16:16:10
 0  0      0 1512568  83784 2045200    0    0     0     0   28   36  0  0 100  0  0  0 2026-09-21 16:16:11
 0  0      0 1512568  83784 2045200    0    0     0     0   33   45  0  0 100  0  0  0 2026-09-21 16:16:12
 0  0      0 1512568  83784 2045200    0    0     0     0   29   39  0  0 100  0  0  0 2026-09-21 16:16:13
 0  0      0 1512568  83784 2045200    0    0     0     0   43   52  0  0 100  0  0  0 2026-09-21 16:16:14
procs -----------memory---------- ---swap-- -----io---- -system-- -------cpu------- -----timestamp-----
 r  b   swpd   free   buff  cache   si   so    bi    bo   in   cs us sy id wa st gu                 UTC
 0  0      0 1512568  83784 2045200    0    0     0     0   27   33  0  0 100  0  0  0 2026-09-21 16:16:15
 0  0      0 1512568  83784 2045200    0    0     0    16   42   45  0  0 100  0  0  0 2026-09-21 16:16:16
 0  0      0 1512568  83784 2045200    0    0     0     0   37   47  0  0 100  0  0  0 2026-09-21 16:16:17
 0  0      0 1512568  83784 2045200    0    0     0     0   40   47  0  0 100  0  0  0 2026-09-21 16:16:18
 0  0      0 1512568  83784 2045200    0    0     0     0   44   46  1  0 100  0  0  0 2026-09-21 16:16:19
 0  0      0 1512568  83784 2045200    0    0     0     0   37   41  0  0 100  0  0  0 2026-09-21 16:16:20
 0  0      0 1482336  83784 2045196    0    0     0     4 1034 1047 14  4 83  0  0  0 2026-09-21 16:16:21
