procs -----------memory---------- ---swap-- -----io---- -system-- -------cpu------- -----timestamp-----
 r  b   swpd   free   buff  cache   si   so    bi    bo   in   cs us sy id wa st gu                 UTC
 1  0      0 1448080 101904 1187140    0    0   195  1906 4662   20 22  4 72  1  0  0 2026-09-21 16:35:52
 0  0      0 1448144 101904 1187080    0    0     0     0  379  587  0  1 100  0  0  0 2026-09-21 16:35:53
 0  1      0 1452876 101968 1155264    0    0    32 29100 5665 10531  9  3 50 38  0  0 2026-09-21 16:35:54
 1  0      0 1425892 101980 1175900    0    0     0 31812 4021 7580 24  2 48 26  0  0 2026-09-21 16:35:55
 7  0      0 1425956 101980 1176240    0    0     0  3324 6351 6933 13  5 79  4  0  0 2026-09-21 16:35:56
 0  0      0 1425956 101980 1177252    0    0     0  2992 8415 9070 17  5 75  4  0  0 2026-09-21 16:35:57
 0  0      0 1425956 101980 1178244    0    0     0  2760 9678 9944 19  7 71  3  0  0 2026-09-21 16:35:58
10  0      0 1425960 101988 1179792    0    0     0  3556 11805 13367 29  9 59  4  0  0 2026-09-21 16:35:59
 3  0      0 1424936 101988 1182472    0    0     0  4516 12610 13608 30 11 56  3  0  0 2026-09-21 16:36:00
 0  0      0 1424936 101992 1184376    0    0     0 12988 13274 13798 32 11 53  4  0  0 2026-09-21 16:36:01
23  0      0 1423912 101996 1187400    0    0     0  4292 15097 15295 36 13 48  3  0  0 2026-09-21 16:36:02
28  0      0 1423688 102000 1189560    0    0     0  3156 15157 15779 41 13 44  3  0  0 2026-09-21 16:36:03
 0  0      0 1423420 102012 1192444    0    0     0  8468 18916 17672 51 17 30  3  0  0 2026-09-21 16:36:04
35  0      0 1420140 102020 1196288    0    0     0  4360 20878 20591 61 18 19  2  0  0 2026-09-21 16:36:05
38  0      0 1417368 102024 1199052    0    0     0  3088 23520 23148 74 17  9  1  0  0 2026-09-21 16:36:06
 5  0      0 1413640 102032 1202112    0    0     0  3116 25511 23297 76 18  7  1  0  0 2026-09-21 16:36:07
59  0      0 1410816 102036 1205100    0    0     0  3244 25617 23067 74 19  7  0  0  0 2026-09-21 16:36:08
29  0      0 1407540 102036 1208168    0    0     0  3344 23944 23712 73 18  8  1  0  0 2026-09-21 16:36:09
11  0      0 1404376 102044 1211116    0    0     0  3076 24173 23636 74 19  7  1  0  0 2026-09-21 16:36:10
10  0      0 1401240 102056 1214284    0    0     0  3164 24140 22687 70 19 11  1  0  0 2026-09-21 16:36:11
 1  0      0 1397512 102064 1218272    0    0     0  6356 23581 23670 75 17  7  1  0  0 2026-09-21 16:36:12
procs -----------memory---------- ---swap-- -----io---- -system-- -------cpu------- -----timestamp-----
 r  b   swpd   free   buff  cache   si   so    bi    bo   in   cs us sy id wa st gu                 UTC
16  0      0 1394420 102076 1221216    0    0     0  5260 23859 23382 70 18 11  0  0  0 2026-09-21 16:36:13
46  0      0 1390492 102080 1225284    0    0     0  5756 23380 24556 75 19  6  1  0  0 2026-09-21 16:36:14
58  0      0 1387096 102080 1228468    0    0     0  4652 23308 23950 73 20  7  1  0  0 2026-09-21 16:36:15
22  0      0 1383820 102092 1231828    0    0     0  4796 25231 25158 76 21  2  1  0  0 2026-09-21 16:36:16
59  0      0 1380596 102092 1235020    0    0     0  4840 23994 24689 75 21  4  0  0  0 2026-09-21 16:36:17
38  0      0 1377068 102104 1238564    0    0     0  4440 25950 25813 80 19  1  0  0  0 2026-09-21 16:36:18
55  0      0 1372716 102112 1243036    0    0     0  5732 26512 24497 79 21  1  1  0  0 2026-09-21 16:36:19
44  0      0 1368988 102120 1246624    0    0     0  4640 26232 25900 75 23  1  0  0  0 2026-09-21 16:36:20
57  0      0 1365472 102120 1250040    0    0     0  4988 26732 24487 78 21  2  1  0  0 2026-09-21 16:36:21
60  0      0 1362248 102124 1253488    0    0     0  4544 26030 25025 78 22  1  0  0  0 2026-09-21 16:36:22
17  0      0 1357444 102136 1257944    0    0     0  5608 25997 24697 77 21  1  1  0  0 2026-09-21 16:36:23
20  0      0 1354064 102140 1261440    0    0     0  4312 26238 25565 77 21  1  0  0  0 2026-09-21 16:36:24
48  0      0 1350536 102144 1265088    0    0     0  4852 25609 24719 77 22  1  0  0  0 2026-09-21 16:36:25
33  0      0 1347260 102148 1268496    0    0     0  5032 26171 25543 76 23  1  0  0  0 2026-09-21 16:36:26
32  0      0 1342708 102156 1272980    0    0     0  6032 26351 24145 80 20  1  1  0  0 2026-09-21 16:36:27
46  0      0 1339184 102156 1276456    0    0     0  5432 25319 24429 78 21  1  0  0  0 2026-09-21 16:36:28
27  0      0 1335504 102156 1280028    0    0     0  4844 26148 24881 78 21  1  0  0  0 2026-09-21 16:36:29
19  0      0 1332228 102164 1283548    0    0     0  5216 27133 25779 78 21  1  0  0  0 2026-09-21 16:36:30
31  0      0 1328596 102164 1286912    0    0     0  5092 26602 25255 79 21  1  0  0  0 2026-09-21 16:36:31
52  0      0 1325380 102164 1290044    0    0     0 101596 23175 23242 68 20  4  8  0  0 2026-09-21 16:36:32
39  0      0 1320768 102164 1294692    0    0     0  5928 24094 24404 78 21  1  0  0  0 2026-09-21 16:36:33
procs -----------memory---------- ---swap-- -----io---- -system-- -------cpu------- -----timestamp-----
 r  b   swpd   free   buff  cache   si   so    bi    bo   in   cs us sy id wa st gu                 UTC
 8  0      0 1317300 102164 1298212    0    0     0  5100 25492 23917 79 21  1  0  0  0 2026-09-21 16:36:34
16  0      0 1314216 102164 1301600    0    0     0  4916 26861 24246 76 23  2  0  0  0 2026-09-21 16:36:35
16  0      0 1309212 102172 1306224    0    0     0  6072 26731 24623 76 24  1  0  0  0 2026-09-21 16:36:36
26  0      0 1305988 102180 1309576    0    0     0  4764 24731 24101 79 20  2  0  0  0 2026-09-21 16:36:37
46  0      0 1302408 102188 1313084    0    0     0  4844 25115 25085 79 20  1  0  0  0 2026-09-21 16:36:38
29  0      0 1298828 102192 1316680    0    0     0  5672 25363 25028 77 21  1  0  0  0 2026-09-21 16:36:39
36  0      0 1295552 102204 1320148    0    0     0  4452 25067 24171 80 19  1  0  0  0 2026-09-21 16:36:40
29  0      0 1290804 102228 1324696    0    0     0  6296 25504 24669 77 22  1  1  0  0 2026-09-21 16:36:41
39  0      0 1287272 102232 1328352    0    0     0  4756 26913 24693 78 21  1  1  0  0 2026-09-21 16:36:42
45  0      0 1284016 102240 1331784    0    0     0  5144 26054 24063 79 19  2  1  0  0 2026-09-21 16:36:43
36  0      0 1280932 102264 1334972    0    0     0  6088 24914 25231 73 18  5  4  0  0 2026-09-21 16:36:44
51  0      0 1277268 102276 1338452    0    0     0  4604 26131 24443 77 22  1  0  0  0 2026-09-21 16:36:45
21  0      0 1271840 102276 1344056    0    0     0  7052 26811 24157 77 22  1  0  0  0 2026-09-21 16:36:46
44  0      0 1268176 102276 1347532    0    0     0  4776 26301 24334 77 21  1  1  0  0 2026-09-21 16:36:47
35  0      0 1265048 102284 1350716    0    0     0  4876 25516 24198 77 22  1  0  0  0 2026-09-21 16:36:48
22  0      0 1261572 102296 1354244    0    0     0  4836 25667 24088 80 19  1  1  0  0 2026-09-21 16:36:49
19  0      0 1258300 102296 1357552    0    0     0  4944 24204 23844 79 19  2  0  0  0 2026-09-21 16:36:50
38  0      0 1255020 102296 1360792    0    0     0  4524 24998 25297 78 20  1  0  0  0 2026-09-21 16:36:51
 8  0      0 1251696 102316 1364140    0    0     0  4816 23276 24464 77 20  2  1  1  0 2026-09-21 16:36:52
19  0      0 1248472 102320 1367420    0    0     0  4280 26891 25129 77 22  1  1  0  0 2026-09-21 16:36:53
35  0      0 1245144 102328 1370848    0    0     0  4476 23204 24019 78 21  1  0  0  0 2026-09-21 16:36:54
procs -----------memory---------- ---swap-- -----io---- -system-- -------cpu------- -----timestamp-----
 r  b   swpd   free   buff  cache   si   so    bi    bo   in   cs us sy id wa st gu                 UTC
48  0      0 1240592 102328 1375304    0    0     0  6872 26857 24697 79 19  1  0  0  0 2026-09-21 16:36:55
10  0      0 1238576 102332 1377488    0    0     0  5192 17393 19252 56 13 31  0  0  0 2026-09-21 16:36:56
 0  0      0 1237324 102332 1378700    0    0     0  4304 12123 12295 29  8 58  5  0  0 2026-09-21 16:36:57
 2  0      0 1235300 102332 1380116    0    0     0  3904 9920 8603 24  6 64  6  0  0 2026-09-21 16:36:58
 0  0      0 1231284 102336 1381308    0    0     0  3804 9545 8323 23  8 64  5  0  0 2026-09-21 16:36:59
 0  0      0 1231268 102336 1382560    0    0     0  7740 9838 8858 26  6 58 10  0  0 2026-09-21 16:37:00
