procs -----------memory---------- ---swap-- -----io---- -system-- -------cpu------- -----timestamp-----
 r  b   swpd   free   buff  cache   si   so    bi    bo   in   cs us sy id wa st gu                 UTC
 1  0      0 1488360  83984 2046628    0    0   233   900  491    3  4  1 94  1  0  0 2026-09-21 16:35:53
 0  0      0 1490044  83984 2046604    0    0     0    92  197  223  0  0 99  0  0  0 2026-09-21 16:35:54
 0  0      0 1494992  83984 2046604    0    0     0  4488   83  106  0  0 100  0  0  0 2026-09-21 16:35:55
 0  0      0 1499208  83984 2046604    0    0     0     0   47   57  0  1 100  0  0  0 2026-09-21 16:35:56
 0  0      0 1499208  83984 2046604    0    0     0     0   31   44  0  0 100  0  0  0 2026-09-21 16:35:57
 0  0      0 1501644  83984 2046604    0    0     0     0   35   47  0  0 100  0  0  0 2026-09-21 16:35:58
 0  0      0 1505644  83984 2046604    0    0     0     0   39   51  0  0 100  0  0  0 2026-09-21 16:35:59
 0  0      0 1505644  83984 2046604    0    0     0     0   27   40  0  0 100  0  0  0 2026-09-21 16:36:00
 0  0      0 1509132  83984 2046604    0    0     0     0   76  108  0  0 100  0  0  0 2026-09-21 16:36:01
 0  0      0 1509156  83984 2046604    0    0     0     0   56   53  0  0 100  0  0  0 2026-09-21 16:36:02
 0  0      0 1509344  83984 2046604    0    0     0     0   50   49  0  0 100  0  0  0 2026-09-21 16:36:03
 1  0      0 1509344  83984 2046604    0    0     0     0   27   47  0  0 100  0  0  0 2026-09-21 16:36:04
 1  0      0 1510160  83984 2046604    0    0     0  5124   75   90  0  0 99  1  0  0 2026-09-21 16:36:05
 1  0      0 1510220  83984 2046604    0    0     0     0   31   43  0  0 100  0  0  0 2026-09-21 16:36:06
 1  0      0 1510220  83984 2046604    0    0     0     0   48   47  0  0 100  0  0  0 2026-09-21 16:36:07
 1  0      0 1510220  83984 2046604    0    0     0     0   27   34  0  0 100  0  0  0 2026-09-21 16:36:08
 1  0      0 1510220  83984 2046604    0    0     0     0   36   47  0  0 100  0  0  0 2026-09-21 16:36:09
 1  0      0 1510220  83984 2046604    0    0     0     0   28   41  0  0 100  0  0  0 2026-09-21 16:36:10
 1  0      0 1510220  83984 2046604    0    0     0     0   42   51  1  0 100  0  0  0 2026-09-21 16:36:11
 1  0      0 1510220  83984 2046604    0    0     0     0   29   42  0  0 100  0  0  0 2026-09-21 16:36:12
 1  0      0 1510220  83984 2046604    0    0     0     0   27   37  0  0 100  0  0  0 2026-09-21 16:36:13
procs -----------memory---------- ---swap-- -----io---- -system-- -------cpu------- -----timestamp-----
 r  b   swpd   free   buff  cache   si   so    bi    bo   in   cs us sy id wa st gu                 UTC
 1  0      0 1510220  83984 2046604    0    0     0     0   29   39  0  0 100  0  0  0 2026-09-21 16:36:14
 1  0      0 1510220  83984 2046604    0    0     0     0   45   52  0  0 100  0  0  0 2026-09-21 16:36:15
 1  0      0 1510220  83984 2046604    0    0     0     0   43   43  0  0 100  0  0  0 2026-09-21 16:36:16
 1  0      0 1510220  83984 2046604    0    0     0     0   89   76  1  0 100  0  0  0 2026-09-21 16:36:17
 0  0      0 1510220  83984 2046604    0    0     0     0   25   42  0  0 100  0  0  0 2026-09-21 16:36:18
 0  0      0 1510220  83984 2046604    0    0     0     0   47   45  0  0 100  0  0  0 2026-09-21 16:36:19
 0  0      0 1510220  83984 2046604    0    0     0     0   32   43  0  0 100  0  0  0 2026-09-21 16:36:20
 0  0      0 1510220  83984 2046604    0    0     0     0   34   41  0  0 100  0  0  0 2026-09-21 16:36:21
 0  0      0 1510220  83984 2046604    0    0     0     0   32   37  0  0 100  0  0  0 2026-09-21 16:36:22
 0  1      0 1510220  83988 2046600    0    0     0    64   67   67  0  0 100  0  0  0 2026-09-21 16:36:23
 0  0      0 1510220  83988 2046600    0    0     0     0   25   35  0  0 99  0  0  0 2026-09-21 16:36:24
 0  0      0 1510220  83988 2046604    0    0     0     8   38   57  0  0 100  0  0  0 2026-09-21 16:36:25
 0  0      0 1510220  83988 2046604    0    0     0     0   30   36  0  0 100  0  0  0 2026-09-21 16:36:26
 0  0      0 1510220  83988 2046604    0    0     0     0   45   45  0  0 100  0  0  0 2026-09-21 16:36:27
 0  0      0 1510220  83988 2046608    0    0     0     0   40   45  0  0 100  0  0  0 2026-09-21 16:36:28
 0  0      0 1510220  83988 2046608    0    0     0     0   27   41  0  0 100  0  0  0 2026-09-21 16:36:29
 0  0      0 1510220  83988 2046612    0    0     0     0   36   47  0  0 100  0  0  0 2026-09-21 16:36:30
 0  0      0 1510220  83988 2046612    0    0     0     0   45   48  0  1 100  0  0  0 2026-09-21 16:36:31
 0  0      0 1510220  83988 2046612    0    0     0     0   24   30  0  0 100  0  0  0 2026-09-21 16:36:32
 0  0      0 1510220  83988 2046612    0    0     0     0   30   41  0  0 100  0  0  0 2026-09-21 16:36:33
 0  0      0 1510220  83988 2046612    0    0     0     0   42   48  1  0 100  0  0  0 2026-09-21 16:36:34
procs -----------memory---------- ---swap-- -----io---- -system-- -------cpu------- -----timestamp-----
 r  b   swpd   free   buff  cache   si   so    bi    bo   in   cs us sy id wa st gu                 UTC
 0  0      0 1510220  83988 2046612    0    0     0     0   43   49  0  0 100  0  0  0 2026-09-21 16:36:35
 0  0      0 1510220  83988 2046612    0    0     0     4   48   41  0  0 100  0  0  0 2026-09-21 16:36:36
 0  0      0 1510220  83988 2046612    0    0     0     0  205  319  0  0 99  0  0  0 2026-09-21 16:36:37
 0  0      0 1510220  83988 2046624    0    0     0     0   33   43  0  0 100  0  0  0 2026-09-21 16:36:38
 0  0      0 1510220  83988 2046624    0    0     0     0   44   56  0  0 100  0  0  0 2026-09-21 16:36:39
 0  0      0 1510220  83988 2046624    0    0     0     0   28   35  0  0 100  0  0  0 2026-09-21 16:36:40
 0  0      0 1510220  83988 2046624    0    0     0     0   40   47  0  0 100  0  0  0 2026-09-21 16:36:41
 0  0      0 1510220  83988 2046624    0    0     0     0   34   44  0  0 100  0  0  0 2026-09-21 16:36:42
 0  0      0 1510220  83988 2046624    0    0     0     0   34   43  0  0 100  0  0  0 2026-09-21 16:36:43
 0  0      0 1510220  83988 2046624    0    0     0     0   38   41  1  0 100  0  0  0 2026-09-21 16:36:44
 0  0      0 1510220  83988 2046624    0    0     0     0   33   39  0  0 100  0  0  0 2026-09-21 16:36:45
 0  0      0 1510220  83988 2046624    0    0     0     0   32   38  0  0 100  0  0  0 2026-09-21 16:36:46
 0  0      0 1510220  83988 2046624    0    0     0     0   40   48  0  0 100  0  0  0 2026-09-21 16:36:47
 0  0      0 1510220  83988 2046624    0    0     0     0   30   33  0  0 100  0  0  0 2026-09-21 16:36:48
 0  0      0 1510220  83988 2046624    0    0     0     0   37   43  0  0 100  0  0  0 2026-09-21 16:36:49
 0  0      0 1510220  83988 2046624    0    0     0     0   44   47  0  1 100  0  0  0 2026-09-21 16:36:50
 0  0      0 1510220  83988 2046624    0    0     0     0   37   45  0  0 100  0  0  0 2026-09-21 16:36:51
 0  0      0 1510220  83988 2046624    0    0     0     0   30   36  0  0 100  0  0  0 2026-09-21 16:36:52
 0  0      0 1510220  83996 2046624    0    0     0    44   36   50  1  0 100  0  0  0 2026-09-21 16:36:53
 0  0      0 1510220  83996 2046624    0    0     0    60   33   38  0  0 100  0  0  0 2026-09-21 16:36:54
 0  0      0 1510220  83996 2046624    0    0     0     0   52   51  0  0 100  0  0  0 2026-09-21 16:36:55
procs -----------memory---------- ---swap-- -----io---- -system-- -------cpu------- -----timestamp-----
 r  b   swpd   free   buff  cache   si   so    bi    bo   in   cs us sy id wa st gu                 UTC
 0  0      0 1510220  83996 2046624    0    0     0     0   24   31  0  0 100  0  0  0 2026-09-21 16:36:56
 0  0      0 1510220  83996 2046624    0    0     0    16   50   59  0  0 100  0  0  0 2026-09-21 16:36:57
 0  0      0 1510220  83996 2046624    0    0     0     0   29   46  0  0 100  0  0  0 2026-09-21 16:36:58
 0  0      0 1510220  83996 2046624    0    0     0     0   36   47  0  0 100  0  0  0 2026-09-21 16:36:59
 0  0      0 1510220  83996 2046624    0    0     0     0   33   39  0  0 100  0  0  0 2026-09-21 16:37:00
 0  0      0 1509968  83996 2046624    0    0     0     0   75   98  0  1 100  0  0  0 2026-09-21 16:37:01
