procs -----------memory---------- ---swap-- -----io---- -system-- -------cpu------- -----timestamp-----
 r  b   swpd   free   buff  cache   si   so    bi    bo   in   cs us sy id wa st gu                 UTC
 4  0      0 2183076  45728 1018444    0    0   635   814  625    4  4  1 93  2  0  0 2026-09-21 15:56:00
 0  0      0 2185576  45728 1018416    0    0     0     0  558  788  2  1 97  0  0  0 2026-09-21 15:56:01
 0  0      0 2187076  45728 1018420    0    0     0     0  459  626  4  1 96  0  0  0 2026-09-21 15:56:02
 0  0      0 2186568  45728 1018420    0    0     0     0  474  618  3  1 96  0  0  0 2026-09-21 15:56:03
 0  0      0 2186568  45728 1018424    0    0     0    20  479  638  4  1 96  0  0  0 2026-09-21 15:56:04
 0  0      0 2186568  45728 1018424    0    0     0     0  441  605  3  1 96  0  0  0 2026-09-21 15:56:05
 0  0      0 2186568  45728 1018424    0    0     0     0  478  641  3  1 96  0  0  0 2026-09-21 15:56:06
 0  0      0 2186568  45728 1018424    0    0     0     0  450  609  3  1 96  0  0  0 2026-09-21 15:56:07
 1  0      0 2186368  45728 1018424    0    0     0     0  374  539  2  1 98  0  0  0 2026-09-21 15:56:08
 0  0      0 2186316  45728 1018424    0    0     0     0  441  591  3  1 96  0  0  0 2026-09-21 15:56:09
 0  0      0 2186316  45728 1018424    0    0     0     0  461  619  4  0 96  0  0  0 2026-09-21 15:56:10
 0  0      0 2187844  45728 1018428    0    0     0     0  453  609  3  1 96  0  0  0 2026-09-21 15:56:11
 0  0      0 2187504  45728 1018428    0    0     0     0  451  617  3  1 96  0  0  0 2026-09-21 15:56:12
 0  0      0 2187504  45728 1018428    0    0     0     0  464  612  4  1 96  0  0  0 2026-09-21 15:56:13
 0  0      0 2187504  45736 1018428    0    0     0   132  489  637  4  1 96  0  0  0 2026-09-21 15:56:14
 0  0      0 2187504  45736 1018432    0    0     0  8000  511  679  3  1 96  1  0  0 2026-09-21 15:56:15
 0  0      0 2189164  45736 1018432    0    0     0     0  335  504  2  1 98  0  0  0 2026-09-21 15:56:16
 0  0      0 2190176  45736 1018432    0    0     0     4  460  626  3  1 96  0  0  0 2026-09-21 15:56:17
 0  0      0 2189860  45736 1018432    0    0     0    24  466  618  4  1 96  0  0  0 2026-09-21 15:56:18
 0  0      0 2189860  45736 1018436    0    0     0     0  451  614  3  1 96  0  0  0 2026-09-21 15:56:19
 0  0      0 2191872  45736 1018436    0    0     0  3036  486  634  4  1 96  0  0  0 2026-09-21 15:56:20
procs -----------memory---------- ---swap-- -----io---- -system-- -------cpu------- -----timestamp-----
 r  b   swpd   free   buff  cache   si   so    bi    bo   in   cs us sy id wa st gu                 UTC
 0  0      0 2191588  45736 1018436    0    0     0     0  465  629  3  1 96  0  0  0 2026-09-21 15:56:21
 0  0      0 2193416  45736 1018440    0    0     0     0  489  645  4  1 96  0  0  0 2026-09-21 15:56:22
 0  0      0 2191716  45736 1018440    0    0     0     0  426  589  3  1 96  0  0  0 2026-09-21 15:56:23
 0  0      0 2192180  45736 1018440    0    0     0     0  363  532  2  0 98  0  0  0 2026-09-21 15:56:24
 0  0      0 2192380  45736 1018440    0    0     0     0  442  605  3  1 96  0  0  0 2026-09-21 15:56:25
 0  0      0 2192432  45736 1018440    0    0     0     0  455  613  3  1 96  0  0  0 2026-09-21 15:56:26
 1  0      0 2189932  45736 1018444    0    0     0     0  474  602  3  1 96  0  0  0 2026-09-21 15:56:27
 1  0      0 2189924  45736 1018448    0    0     0     0  466  618  4  1 96  0  0  0 2026-09-21 15:56:28
 1  0      0 2189924  45736 1018448    0    0     0     0  456  613  3  1 96  0  0  0 2026-09-21 15:56:29
 1  0      0 2189444  45736 1018448    0    0     0     0  488  613  4  1 96  0  0  0 2026-09-21 15:56:30
 2  0      0 2187680  45736 1018448    0    0     0    12  394  536  3  1 97  0  0  0 2026-09-21 15:56:31
 1  0      0 2188100  45736 1018448    0    0     0     0  417  573  3  1 97  0  0  0 2026-09-21 15:56:32
 1  0      0 2188100  45736 1018448    0    0     0     0  455  604  4  1 96  0  0  0 2026-09-21 15:56:33
 1  0      0 2188100  45736 1018448    0    0     0     0  460  623  3  1 96  0  0  0 2026-09-21 15:56:34
 1  0      0 2191728  45736 1018452    0    0     0    16  451  616  4  1 96  0  0  0 2026-09-21 15:56:35
 1  0      0 2190156  45736 1018456    0    0     0     0  467  618  3  1 96  0  0  0 2026-09-21 15:56:36
 1  0      0 2190156  45736 1018460    0    0     0     0  456  609  3  1 96  0  0  0 2026-09-21 15:56:37
 1  0      0 2190156  45736 1018460    0    0     0     0  458  608  3  1 96  0  0  0 2026-09-21 15:56:38
 1  0      0 2189456  45736 1018460    0    0     0     0  331  500  2  0 98  0  0  0 2026-09-21 15:56:39
 0  0      0 2189696  45736 1018460    0    0     0     0  455  617  4  1 96  0  0  0 2026-09-21 15:56:40
 0  0      0 2188188  45736 1018460    0    0     0     0  440  593  3  1 96  0  0  0 2026-09-21 15:56:41
procs -----------memory---------- ---swap-- -----io---- -system-- -------cpu------- -----timestamp-----
 r  b   swpd   free   buff  cache   si   so    bi    bo   in   cs us sy id wa st gu                 UTC
 0  0      0 2188444  45736 1018460    0    0     0     0  467  628  3  1 96  0  0  0 2026-09-21 15:56:42
 0  0      0 2189272  45736 1018464    0    0     0     0  441  598  4  1 96  0  0  0 2026-09-21 15:56:43
 0  0      0 2189648  45744 1018468    0    0     0    64  488  646  3  1 96  0  0  0 2026-09-21 15:56:44
 0  0      0 2189520  45744 1018596    0    0     0   104  460  614  4  1 96  0  0  0 2026-09-21 15:56:45
 0  0      0 2189520  45744 1018596    0    0     0     0  483  638  3  1 96  0  0  0 2026-09-21 15:56:46
 0  0      0 2189520  45744 1018596    0    0     0     0  363  523  2  1 98  0  0  0 2026-09-21 15:56:47
 0  0      0 2189520  45744 1018596    0    0     0     0  468  632  4  1 96  0  0  0 2026-09-21 15:56:48
 0  0      0 2189520  45744 1018600    0    0     0    16  467  610  3  1 96  0  0  0 2026-09-21 15:56:49
 0  0      0 2189520  45744 1018600    0    0     0     0  487  634  3  1 96  0  0  0 2026-09-21 15:56:50
 0  0      0 2189520  45744 1018600    0    0     0  3348  472  634  4  1 96  1  0  0 2026-09-21 15:56:51
 0  0      0 2190668  45744 1018604    0    0     0     0  480  621  3  1 96  0  0  0 2026-09-21 15:56:52
 0  0      0 2189912  45744 1018604    0    0     0     0  458  614  4  1 96  0  0  0 2026-09-21 15:56:53
 1  0      0 2189912  45744 1018604    0    0     0     0  401  560  3  1 96  0  0  0 2026-09-21 15:56:54
 0  0      0 2189912  45744 1018604    0    0     0     0  396  562  2  1 97  0  0  0 2026-09-21 15:56:55
 0  0      0 2188148  45744 1018604    0    0     0     0  467  628  4  1 96  0  0  0 2026-09-21 15:56:56
 0  0      0 2188564  45744 1018604    0    0     0     0  453  604  4  1 96  0  0  0 2026-09-21 15:56:57
 0  0      0 2190024  45744 1018604    0    0     0     0  465  619  3  1 96  0  0  0 2026-09-21 15:56:58
 0  0      0 2191808  45744 1018604    0    0     0     0  465  621  3  1 96  0  0  0 2026-09-21 15:56:59
 0  0      0 2192452  45744 1018608    0    0     0     0  450  602  3  1 96  0  0  0 2026-09-21 15:57:00
 0  0      0 2192760  45744 1018616    0    0     0     0  482  657  4  1 95  0  0  0 2026-09-21 15:57:01
 1  0      0 2192760  45744 1018616    0    0     0    16  352  523  2  0 98  0  0  0 2026-09-21 15:57:02
procs -----------memory---------- ---swap-- -----io---- -system-- -------cpu------- -----timestamp-----
 r  b   swpd   free   buff  cache   si   so    bi    bo   in   cs us sy id wa st gu                 UTC
 0  0      0 2192128  45744 1018616    0    0     0     0  450  606  4  1 96  0  0  0 2026-09-21 15:57:03
 0  0      0 2190364  45744 1018616    0    0     0     0  453  617  3  1 96  0  0  0 2026-09-21 15:57:04
 0  0      0 2190172  45744 1018620    0    0     0     0  458  605  4  1 96  0  0  0 2026-09-21 15:57:05
 0  0      0 2190172  45744 1018620    0    0     0    20  469  622  3  1 96  0  0  0 2026-09-21 15:57:06
 0  0      0 2188408  45744 1018620    0    0     0     0  441  605  3  1 96  0  0  0 2026-09-21 15:57:07
 0  0      0 2188732  45744 1018620    0    0     0     0  458  613  3  1 96  0  0  0 2026-09-21 15:57:08
 0  0      0 2189028  45744 1018624    0    0     0     0  463  610  3  1 96  0  0  0 2026-09-21 15:57:09
 0  0      0 2165620  45744 1018632    0    0     0    12 1280 1461 19  5 77  0  0  0 2026-09-21 15:57:10
