procs -----------memory---------- ---swap-- -----io---- -system-- -------cpu------- -----timestamp-----
 r  b   swpd   free   buff  cache   si   so    bi    bo   in   cs us sy id wa st gu                 UTC
 0  0      0 6726180  35472 826412    0    0    70   164 11053   25  7  2 91  0  0  0 2026-09-21 17:26:49
 0  0      0 6721836  35472 826404    0    0     0     0 2603 2176  3  1 96  0  0  0 2026-09-21 17:26:50
 0  0      0 6721836  35472 826404    0    0     0     8   84   98  0  0 100  0  0  0 2026-09-21 17:26:51
 0  0      0 6708196  35472 826404    0    0     0     0 9763 13202  5  1 95  0  0  0 2026-09-21 17:26:52
 0  0      0 6706180  35472 826404    0    0     0     0 1837 2293  1  1 99  0  0  0 2026-09-21 17:26:53
 1  0      0 6708912  35472 826404    0    0     0     0 10345 14541  3  1 96  0  0  0 2026-09-21 17:26:54
 1  0      0 6696564  35472 826404    0    0     0     0 15491 21269  6  2 92  0  0  0 2026-09-21 17:26:55
 0  0      0 6683212  35472 826404    0    0     0     0 16003 20137  7  3 90  0  0  0 2026-09-21 17:26:56
 1  0      0 6666076  35472 826404    0    0     0     0 19644 26413  8  3 89  0  0  0 2026-09-21 17:26:57
 2  0      0 6642964  35472 826404    0    0     0     0 21281 27036  9  4 87  0  0  0 2026-09-21 17:26:58
 0  0      0 6616780  35472 826404    0    0     0     0 24424 30777 10  4 86  0  0  0 2026-09-21 17:26:59
 5  0      0 6602668  35472 826404    0    0     0     0 22037 27214  9  3 88  0  0  0 2026-09-21 17:27:00
 0  0      0 6565388  35472 826388    0    0     0    16 32648 39924 15  5 79  0  0  0 2026-09-21 17:27:01
 0  0      0 6523564  35472 826424    0    0     0     0 35742 41336 17  6 77  0  0  0 2026-09-21 17:27:02
 4  0      0 6463896  35472 826496    0    0     0     0 34790 38300 18  6 76  0  0  0 2026-09-21 17:27:03
 0  0      0 6432408  35480 826544    0    0     0    56 39408 47123 18  7 75  0  0  0 2026-09-21 17:27:04
 0  0      0 6388672  35480 826636    0    0     0     0 41469 44520 24  8 68  0  0  0 2026-09-21 17:27:05
 2  0      0 6304788  35480 826680    0    0     0     0 44408 43107 26  9 65  0  0  0 2026-09-21 17:27:06
 4  0      0 6248696  35480 826780    0    0     0     0 47603 51591 27  9 64  0  0  0 2026-09-21 17:27:07
 0  0      0 6196452  35480 826892    0    0     0     0 47260 45428 31 10 59  0  0  0 2026-09-21 17:27:08
 2  0      0 6043424  35480 827052    0    0     0     0 52499 35473 44 13 43  0  0  0 2026-09-21 17:27:09
procs -----------memory---------- ---swap-- -----io---- -system-- -------cpu------- -----timestamp-----
 r  b   swpd   free   buff  cache   si   so    bi    bo   in   cs us sy id wa st gu                 UTC
 0  0      0 6015456  35480 827140    0    0     0     0 49258 43936 35 11 53  0  0  0 2026-09-21 17:27:10
 0  0      0 5848224  35480 827288    0    0     0     0 54480 39158 46 14 41  0  0  0 2026-09-21 17:27:11
 1  0      0 5799648  35480 827444    0    0     0     0 52259 39127 43 13 44  0  0  0 2026-09-21 17:27:12
 5  0      0 5567420  35480 827544    0    0     0     0 55232 21953 57 16 27  0  0  0 2026-09-21 17:27:13
 4  0      0 5542092  35480 827740    0    0     0     0 56476 35034 48 14 38  0  0  0 2026-09-21 17:27:14
 4  0      0 5259648  35480 827860    0    0     0     0 56963 19420 62 19 20  0  0  0 2026-09-21 17:27:15
 5  0      0 5226784  35480 828096    0    0     0     0 54536 23349 58 14 28  0  0  0 2026-09-21 17:27:16
 4  0      0 5029680  35480 828192    0    0     0     0 54282 18742 57 17 26  0  0  0 2026-09-21 17:27:17
 0  0      0 4765004  35480 828304    0    0     0     0 53909 8929 70 17 13  0  0  0 2026-09-21 17:27:18
 4  0      0 4758420  35480 828552    0    0     0     0 53127 16922 61 15 25  0  0  0 2026-09-21 17:27:19
 4  0      0 4617064  35480 828648    0    0     0  8316 54373 19682 57 15 28  0  0  0 2026-09-21 17:27:20
 4  0      0 4291740  35480 828760    0    0     0     0 55708 10936 67 18 15  0  0  0 2026-09-21 17:27:21
 4  0      0 4221604  35480 829032    0    0     0     0 52750 10713 72 15 13  0  0  0 2026-09-21 17:27:22
 3  0      0 4195800  35480 829192    0    0     0     0 54296 12577 67 15 18  0  0  0 2026-09-21 17:27:23
 4  0      0 3981408  35480 829280    0    0     0     0 52016 15978 60 18 23  0  0  0 2026-09-21 17:27:24
 4  0      0 3649636  35480 829320    0    0     0     0 55793 3346 77 18  5  0  0  0 2026-09-21 17:27:25
 4  0      0 3590980  35480 829704    0    0     0     0 53411 11943 69 15 16  0  0  0 2026-09-21 17:27:26
 3  0      0 3583980  35480 829804    0    0     0     0 54992 12254 69 16 15  0  0  0 2026-09-21 17:27:27
 2  0      0 3514660  35480 829888    0    0     0     0 51585 24935 54 14 32  0  0  0 2026-09-21 17:27:28
 5  0      0 3329716  35480 829904    0    0     0     0 50274 26178 49 15 36  0  0  0 2026-09-21 17:27:29
 4  0      0 3011496  35480 830216    0    0     0     0 54675 16272 56 18 25  0  0  0 2026-09-21 17:27:30
procs -----------memory---------- ---swap-- -----io---- -system-- -------cpu------- -----timestamp-----
 r  b   swpd   free   buff  cache   si   so    bi    bo   in   cs us sy id wa st gu                 UTC
 4  0      0 2757792  35480 830368    0    0     0     0 55523 3374 81 15  4  0  0  0 2026-09-21 17:27:31
 5  0      0 2735684  35480 830648    0    0     0     0 52399 8335 74 15 11  0  0  0 2026-09-21 17:27:32
 1  0      0 2733724  35480 830744    0    0     0     0 51617 10646 72 15 13  0  0  0 2026-09-21 17:27:33
 5  0      0 2729628  35480 830788    0    0     0    24 51045 29571 54 12 34  0  0  0 2026-09-21 17:27:34
 5  0      0 2717460  35488 830788    0    0     0    48 49848 29448 52 12 37  0  0  0 2026-09-21 17:27:35
 2  0      0 2597896  35488 830808    0    0     0     0 50778 20632 58 17 25  0  0  0 2026-09-21 17:27:36
 4  0      0 2260104  35488 831064    0    0     0     0 55210 10815 61 20 18  0  0  0 2026-09-21 17:27:37
 4  0      0 1981448  35488 831256    0    0     0     0 53066 2439 83 14  3  0  0  0 2026-09-21 17:27:38
 4  0      0 1909296  35488 831332    0    0     0     0 53656 4975 79 16  5  0  0  0 2026-09-21 17:27:39
 4  0      0 1908132  35488 831572    0    0     0     0 52926 9870 71 15 13  0  0  0 2026-09-21 17:27:40
 4  0      0 1907404  35488 831668    0    0     0     0 50614 15399 67 14 19  0  0  0 2026-09-21 17:27:41
 0  0      0 1906648  35488 831668    0    0     0     0 47112 27515 52 11 37  0  0  0 2026-09-21 17:27:42
 1  0      0 1901860  35488 831668    0    0     0     0 50779 25260 58 12 30  0  0  0 2026-09-21 17:27:43
 4  0      0 1856080  35488 831668    0    0     0     0 49813 25862 54 13 33  0  0  0 2026-09-21 17:27:44
 4  0      0 1582136  35488 831728    0    0     0     0 53151 10892 66 19 15  0  0  0 2026-09-21 17:27:45
 4  0      0 1291472  35488 831928    0    0     0     0 51561 5659 76 17  8  0  0  0 2026-09-21 17:27:46
 4  0      0 1125720  35488 832408    0    0     0     0 56430 1919 87 13  0  0  0  0 2026-09-21 17:27:47
 4  0      0 1121904  35488 832476    0    0     0     0 50117 6040 78 15  7  0  0  0 2026-09-21 17:27:48
 4  0      0 1121148  35488 832476    0    0     0     0 53547 2899 82 17  1  0  0  0 2026-09-21 17:27:49
 4  0      0 1120224  35488 832492    0    0     0     0 49311 16360 64 13 23  0  0  0 2026-09-21 17:27:50
 4  0      0 1117052  35488 832572    0    0     0     8 49876 23460 57 12 31  0  0  0 2026-09-21 17:27:51
procs -----------memory---------- ---swap-- -----io---- -system-- -------cpu------- -----timestamp-----
 r  b   swpd   free   buff  cache   si   so    bi    bo   in   cs us sy id wa st gu                 UTC
 4  0      0 1111912  35488 832572    0    0     0     0 50324 26352 54 12 34  0  0  0 2026-09-21 17:27:52
 0  0      0 1052200  35488 832708    0    0     0     0 30257 32289 19  6 76  0  0  0 2026-09-21 17:27:53
 0  0      0 1018936  35488 832708    0    0     0     0 10982 15272  4  2 94  0  0  0 2026-09-21 17:27:54
 0  0      0 1014400  35488 832708    0    0     0     0 5579 10248  1  1 98  0  0  0 2026-09-21 17:27:55
 0  0      0 1014400  35488 832708    0    0     0     0 4405 8381  1  0 99  0  0  0 2026-09-21 17:27:56
 1  0      0 3532952  35488 832708    0    0     0     0 4481 6990  0  3 96  0  0  0 2026-09-21 17:27:57
