procs -----------memory---------- ---swap-- -----io---- -system-- -------cpu------- -----timestamp-----
 r  b   swpd   free   buff  cache   si   so    bi    bo   in   cs us sy id wa st gu                 UTC
 1  0      0 1440368  85208 2056096    0    0    80   503 6515   29  8  4 87  0  0  0 2026-09-21 18:25:27
 1  0      0 1439084  85208 2056052    0    0     0     0 1174 1467  4  2 94  0  0  0 2026-09-21 18:25:28
 0  0      0 1441220  85208 2056052    0    0     0  1760 1362 1373  8  3 89  0  0  0 2026-09-21 18:25:29
 0  0      0 1456496  85208 2056052    0    0     0     0 3557 4376  6  3 91  0  0  0 2026-09-21 18:25:30
 0  0      0 1459596  85208 2056052    0    0     0     0 2178 2363  2  3 95  0  0  0 2026-09-21 18:25:31
 0  0      0 1467452  85208 2056052    0    0     0     0 4677 5689  4  3 93  0  0  0 2026-09-21 18:25:32
 3  0      0 1469068  85208 2056052    0    0     0     0 6184 7702  5  4 92  0  0  0 2026-09-21 18:25:33
 0  0      0 1469912  85208 2056052    0    0     0     0 7641 9685  6  4 90  0  0  0 2026-09-21 18:25:34
 1  0      0 1468872  85208 2056052    0    0     0     0 9331 11575  6  4 90  0  0  0 2026-09-21 18:25:35
 1  0      0 1468908  85208 2056052    0    0     0     0 9876 11634  7  5 89  0  0  0 2026-09-21 18:25:36
 1  0      0 1467640  85208 2056044    0    0     0     0 12634 14815  8  6 87  0  0  0 2026-09-21 18:25:37
 2  0      0 1465120  85208 2056044    0    0     0     0 14452 16306 10  8 82  0  0  0 2026-09-21 18:25:38
 4  0      0 1461340  85208 2056092    0    0     0     0 15824 17541 10  9 81  0  0  0 2026-09-21 18:25:39
 1  0      0 1458568  85208 2056188    0    0     0     4 20631 20832 14 11 75  0  0  0 2026-09-21 18:25:40
 1  0      0 1453528  85208 2056304    0    0     0     0 24072 24636 17 13 70  0  0  0 2026-09-21 18:25:41
 6  0      0 1447780  85208 2056384    0    0     0     0 26660 26462 21 15 64  0  0  0 2026-09-21 18:25:42
 1  0      0 1439420  85208 2056560    0    0     0     0 29939 30543 24 17 59  0  0  0 2026-09-21 18:25:43
 3  0      0 1430968  85208 2056704    0    0     0     0 36920 36169 30 21 49  0  0  0 2026-09-21 18:25:44
 2  0      0 1419528  85208 2056900    0    0     0     0 35506 33023 31 22 47  0  0  0 2026-09-21 18:25:45
 3  0      0 1413496  85208 2057064    0    0     0     0 37503 35360 34 24 42  0  0  0 2026-09-21 18:25:46
 3  0      0 1402176  85208 2057280    0    0     0     0 35840 31194 35 21 44  0  0  0 2026-09-21 18:25:47
procs -----------memory---------- ---swap-- -----io---- -system-- -------cpu------- -----timestamp-----
 r  b   swpd   free   buff  cache   si   so    bi    bo   in   cs us sy id wa st gu                 UTC
 3  0      0 1392168  85208 2057416    0    0     0     0 36083 33570 35 23 42  0  0  0 2026-09-21 18:25:48
 3  0      0 1385700  85208 2057688    0    0     0     0 36816 31530 34 23 43  0  0  0 2026-09-21 18:25:49
 3  0      0 1371640  85208 2057908    0    0     0     0 37298 29667 41 25 35  0  0  0 2026-09-21 18:25:50
 3  0      0 1363652  85208 2058084    0    0     0     0 37446 30599 39 23 38  0  0  0 2026-09-21 18:25:51
 2  0      0 1350840  85208 2058376    0    0     0     0 33948 22455 45 22 33  0  0  0 2026-09-21 18:25:52
 3  0      0 1343620  85208 2058528    0    0     0     0 36462 27778 42 23 34  0  0  0 2026-09-21 18:25:53
 3  0      0 1330012  85216 2058732    0    0     0    92 35651 19769 51 23 27  0  0  0 2026-09-21 18:25:54
 1  0      0 1321912  85216 2058888    0    0     0 11832 33791 24785 43 23 34  0  0  0 2026-09-21 18:25:55
 3  0      0 1321844  85216 2058988    0    0     0     0 38052 24288 47 24 29  0  0  0 2026-09-21 18:25:56
 3  0      0 1317960  85216 2059160    0    0     0     0 34914 20514 49 24 26  0  0  0 2026-09-21 18:25:57
 2  0      0 1311852  85216 2059436    0    0     0     0 33449 15501 55 24 21  0  0  0 2026-09-21 18:25:58
 2  0      0 1301884  85216 2059668    0    0     0     0 35273 19725 50 24 26  0  0  0 2026-09-21 18:25:59
 2  0      0 1297320  85216 2059752    0    0     0  1948 35679 17049 56 24 21  0  0  0 2026-09-21 18:26:00
 3  0      0 1294620  85216 2059836    0    0     0    16 34139 13626 58 24 18  0  0  0 2026-09-21 18:26:01
 2  0      0 1281376  85216 2059976    0    0     0     0 35245 17422 54 25 22  0  0  0 2026-09-21 18:26:02
 3  0      0 1280548  85216 2059992    0    0     0     0 34178 15540 55 22 23  0  0  0 2026-09-21 18:26:03
 3  0      0 1269712  85216 2060112    0    0     0     0 33252 12347 58 25 17  0  0  0 2026-09-21 18:26:04
 2  0      0 1262168  85216 2060112    0    0     0     0 33587 15438 56 23 22  0  0  0 2026-09-21 18:26:05
 3  0      0 1253532  85216 2060368    0    0     0     0 33595 13827 60 23 18  0  0  0 2026-09-21 18:26:06
 2  0      0 1252976  85216 2060568    0    0     0     0 35581 12271 59 23 17  0  0  0 2026-09-21 18:26:07
 2  0      0 1247180  85216 2060568    0    0     0     0 36738 16127 55 25 20  0  0  0 2026-09-21 18:26:08
procs -----------memory---------- ---swap-- -----io---- -system-- -------cpu------- -----timestamp-----
 r  b   swpd   free   buff  cache   si   so    bi    bo   in   cs us sy id wa st gu                 UTC
 5  0      0 1243708  85216 2060660    0    0     0     0 34562 10925 63 24 13  0  0  0 2026-09-21 18:26:09
 2  0      0 1234968  85216 2060660    0    0     0     0 34682 12205 58 23 18  0  0  0 2026-09-21 18:26:10
 2  0      0 1230868  85216 2060736    0    0     0     0 33396 15727 55 23 22  0  0  0 2026-09-21 18:26:11
 2  0      0 1218568  85216 2060900    0    0     0     0 34744 8776 68 22 10  0  0  0 2026-09-21 18:26:12
 2  0      0 1218112  85216 2060956    0    0     0     0 34092 14384 58 23 19  0  0  0 2026-09-21 18:26:13
 3  0      0 1215544  85216 2060996    0    0     0     0 33105 13244 56 24 20  0  0  0 2026-09-21 18:26:14
 3  0      0 1209900  85216 2061288    0    0     0     0 34025 8137 63 26 12  0  0  0 2026-09-21 18:26:15
 2  0      0 1208336  85216 2061372    0    0     0     0 31140 14593 55 22 23  0  0  0 2026-09-21 18:26:16
 2  0      0 1200024  85216 2061388    0    0     0     0 33973 6204 67 24  9  0  0  0 2026-09-21 18:26:17
 2  0      0 1191740  85216 2061388    0    0     0     0 34029 9408 61 24 15  0  0  0 2026-09-21 18:26:18
 2  0      0 1187512  85216 2061528    0    0     0     0 31141 9799 61 23 16  0  0  0 2026-09-21 18:26:19
 1  0      0 1186588  85216 2061568    0    0     0     0 33724 10613 60 26 13  0  0  0 2026-09-21 18:26:20
 3  0      0 1178836  85216 2061568    0    0     0     0 34854 9370 64 26 11  0  0  0 2026-09-21 18:26:21
 2  0      0 1162912  85216 2061700    0    0     0     0 33703 6110 68 26  6  0  0  0 2026-09-21 18:26:22
 3  0      0 1162912  85216 2061700    0    0     0     0 31644 6187 66 23 11  0  0  0 2026-09-21 18:26:23
 2  0      0 1162912  85220 2061860    0    0     0    52 34806 10873 63 23 13  0  0  0 2026-09-21 18:26:24
 2  0      0 1162660  85220 2061972    0    0     0     0 31497 8372 65 25 10  0  0  0 2026-09-21 18:26:25
 2  0      0 1162660  85220 2062012    0    0     0     0 33128 8545 63 25 12  0  0  0 2026-09-21 18:26:26
 3  0      0 1150312  85220 2062168    0    0     0     4 32926 7863 63 28 10  0  0  0 2026-09-21 18:26:27
 2  0      0 1148552  85220 2062168    0    0     0     0 32585 13221 58 22 19  0  0  0 2026-09-21 18:26:28
 1  0      0 1129160  85220 2062184    0    0     0     0 35446 9244 66 25  9  0  0  0 2026-09-21 18:26:29
procs -----------memory---------- ---swap-- -----io---- -system-- -------cpu------- -----timestamp-----
 r  b   swpd   free   buff  cache   si   so    bi    bo   in   cs us sy id wa st gu                 UTC
 2  0      0 1128156  85220 2062316    0    0     0     0 29653 4779 68 23  9  0  0  0 2026-09-21 18:26:30
 0  0      0 1126140  85220 2062316    0    0     0     0 15222 15809 17  7 76  0  0  0 2026-09-21 18:26:32
 0  0      0 1126140  85220 2062316    0    0     0  4212 1090 1493  3  2 95  1  0  0 2026-09-21 18:26:33
 2  0      0 1126140  85220 2062316    0    0     0     0 1000 1302  3  2 96  0  0  0 2026-09-21 18:26:34
 0  0      0 1125940  85220 2062316    0    0     0     0 1154 1470  4  2 95  0  0  0 2026-09-21 18:26:35
 0  0      0 1124124  85220 2062316    0    0     0     0  987 1340  3  2 96  0  0  0 2026-09-21 18:26:36
 1  0      0 1110820  85220 2060840    0    0     0     4 15274 14745 24 16 59  0  0  0 2026-09-21 18:26:37
