procs -----------memory---------- ---swap-- -----io---- -system-- -------cpu------- -----timestamp-----
 r  b   swpd   free   buff  cache   si   so    bi    bo   in   cs us sy id wa st gu                 UTC
 1  0      0 1476664  84260 2049488    0    0   158   691 1194    6  4  1 94  1  0  0 2026-09-21 17:03:11
 1  0      0 1476636  84260 2049468    0    0     0     0  485  666  1  1 98  0  0  0 2026-09-21 17:03:12
 0  0      0 1469532  84260 2049468    0    0     0     0  736  615  6  2 93  0  0  0 2026-09-21 17:03:13
 0  0      0 1471484  84260 2049468    0    0     0     0  653  515  4  1 96  0  0  0 2026-09-21 17:03:14
 0  0      0 1481504  84260 2049468    0    0     0     0 5788 7611  3  3 94  0  0  0 2026-09-21 17:03:15
 0  0      0 1483936  84260 2049468    0    0     0     0 2537 2420  2  1 97  0  0  0 2026-09-21 17:03:16
 0  0      0 1485272  84260 2049468    0    0     0     0 6831 9414  4  2 94  0  0  0 2026-09-21 17:03:17
 0  0      0 1486524  84260 2049468    0    0     0     0 8793 12377  3  3 94  0  0  0 2026-09-21 17:03:18
 0  0      0 1489072  84260 2049468    0    0     0     0 9385 13140  5  4 92  0  0  0 2026-09-21 17:03:19
 0  0      0 1489100  84268 2049468    0    0     0   228 9124 12534  5  3 92  0  0  0 2026-09-21 17:03:20
 0  0      0 1491904  84268 2049468    0    0     0     0 12487 17193  6  3 91  0  0  0 2026-09-21 17:03:21
 0  0      0 1491904  84268 2049468    0    0     0     0 11547 15212  6  4 90  0  0  0 2026-09-21 17:03:22
 0  0      0 1493088  84268 2049468    0    0     0     0 11464 14818  7  4 89  0  0  0 2026-09-21 17:03:23
 0  0      0 1493088  84268 2049468    0    0     0     0 13309 17054  7  4 89  0  0  0 2026-09-21 17:03:24
 0  0      0 1496484  84268 2049468    0    0     0    12 14241 18010  8  5 87  0  0  0 2026-09-21 17:03:25
 0  0      0 1496292  84268 2049468    0    0     0     0 13565 17115  8  6 87  0  0  0 2026-09-21 17:03:26
 0  0      0 1496244  84268 2049468    0    0     0     0 13982 17934  9  5 86  0  0  0 2026-09-21 17:03:27
 0  0      0 1496244  84268 2049468    0    0     0     0 15435 20288 10  5 85  0  0  0 2026-09-21 17:03:28
 1  0      0 1496244  84268 2049468    0    0     0     0 18554 23767 10  6 84  0  0  0 2026-09-21 17:03:29
 4  0      0 1496244  84268 2049468    0    0     0     0 18790 22100 10  8 82  0  0  0 2026-09-21 17:03:30
 0  0      0 1495992  84268 2049468    0    0     0     0 18996 22623 12  6 83  0  0  0 2026-09-21 17:03:31
procs -----------memory---------- ---swap-- -----io---- -system-- -------cpu------- -----timestamp-----
 r  b   swpd   free   buff  cache   si   so    bi    bo   in   cs us sy id wa st gu                 UTC
 1  0      0 1495488  84268 2049468    0    0     0     0 22638 27196 13  8 79  0  0  0 2026-09-21 17:03:32
 4  0      0 1495492  84268 2049468    0    0     0     0 21699 27327 13  8 78  0  0  0 2026-09-21 17:03:33
 1  0      0 1495244  84268 2049472    0    0     0     0 25075 30509 14 10 76  0  0  0 2026-09-21 17:03:34
 1  0      0 1495244  84268 2049472    0    0     0  7116 26087 30946 15  9 74  1  0  0 2026-09-21 17:03:35
 3  0      0 1495244  84268 2049472    0    0     0     0 28063 33873 18 10 72  0  0  0 2026-09-21 17:03:36
 3  0      0 1491976  84268 2049488    0    0     0     0 33478 39007 20 14 66  0  0  0 2026-09-21 17:03:37
 1  0      0 1490476  84268 2049504    0    0     0     0 34164 39294 21 14 65  0  0  0 2026-09-21 17:03:38
 4  0      0 1490476  84268 2049504    0    0     0     0 35114 41087 23 14 63  0  0  0 2026-09-21 17:03:39
 3  0      0 1489720  84268 2049520    0    0     0  5084 35679 39168 26 15 59  0  0  0 2026-09-21 17:03:40
 2  0      0 1488712  84268 2049536    0    0     0     0 41170 44241 28 20 52  0  0  0 2026-09-21 17:03:41
 3  0      0 1488460  84268 2049568    0    0     0     0 40986 44096 30 19 51  0  0  0 2026-09-21 17:03:42
 5  0      0 1486444  84268 2049600    0    0     0    12 41078 42752 33 19 48  0  0  0 2026-09-21 17:03:43
 2  0      0 1485992  84268 2049616    0    0     0     0 43331 44229 36 17 47  0  0  0 2026-09-21 17:03:44
 4  0      0 1484196  84268 2049632    0    0     0     4 42147 40015 38 20 43  0  0  0 2026-09-21 17:03:45
 2  0      0 1477688  84268 2049844    0    0     0     0 40546 37691 37 20 43  0  0  0 2026-09-21 17:03:46
 1  0      0 1474868  84268 2049844    0    0     0     0 43398 39401 39 22 39  0  0  0 2026-09-21 17:03:47
 3  0      0 1473860  84268 2049876    0    0     0     0 42875 36120 40 22 38  0  0  0 2026-09-21 17:03:48
 2  0      0 1473360  84268 2049876    0    0     0     0 41590 37915 42 22 36  0  0  0 2026-09-21 17:03:49
 6  0      0 1471124  84268 2049876    0    0     0    60 41104 34715 39 21 40  0  0  0 2026-09-21 17:03:50
 3  0      0 1470900  84268 2049880    0    0     0     0 44001 33588 44 23 33  0  0  0 2026-09-21 17:03:51
 3  0      0 1469948  84268 2049880    0    0     0     0 45114 36151 43 24 34  0  0  0 2026-09-21 17:03:52
procs -----------memory---------- ---swap-- -----io---- -system-- -------cpu------- -----timestamp-----
 r  b   swpd   free   buff  cache   si   so    bi    bo   in   cs us sy id wa st gu                 UTC
 3  0      0 1469388  84268 2049880    0    0     0     0 42109 34839 39 22 39  0  0  0 2026-09-21 17:03:53
 0  0      0 1468128  84268 2049880    0    0     0     0 44792 37287 43 23 34  0  0  0 2026-09-21 17:03:54
 3  0      0 1462468  84268 2049944    0    0     0     0 43338 35439 46 21 33  0  0  0 2026-09-21 17:03:55
 2  0      0 1462180  84268 2049944    0    0     0     0 43587 34724 42 24 34  0  0  0 2026-09-21 17:03:56
 3  0      0 1460008  84268 2049976    0    0     0     0 43720 34111 42 24 34  0  0  0 2026-09-21 17:03:57
 1  0      0 1458972  84268 2049992    0    0     0     0 42958 28089 45 25 30  0  0  0 2026-09-21 17:03:58
 2  0      0 1458216  84268 2050056    0    0     0     0 40831 37905 39 22 39  0  0  0 2026-09-21 17:03:59
 1  0      0 1457560  84268 2050056    0    0     0     0 42357 31263 46 23 31  0  0  0 2026-09-21 17:04:00
 2  0      0 1453528  84272 2050052    0    0     0  1440 43125 35622 43 25 32  0  0  0 2026-09-21 17:04:01
 0  0      0 1453036  84272 2050136    0    0     0     0 44076 26595 50 22 28  0  0  0 2026-09-21 17:04:02
 3  0      0 1450796  84272 2050152    0    0     0     0 43440 35369 40 23 37  0  0  0 2026-09-21 17:04:03
 3  0      0 1450580  84272 2050152    0    0     0     0 42195 31837 43 24 33  0  0  0 2026-09-21 17:04:04
 3  0      0 1450844  84272 2050152    0    0     0     0 44947 35294 43 22 35  0  0  0 2026-09-21 17:04:05
 2  0      0 1444748  84272 2050256    0    0     0     0 41162 31582 45 20 35  0  0  0 2026-09-21 17:04:06
 2  0      0 1439456  84276 2050428    0    0     0    44 42924 31686 46 21 32  0  0  0 2026-09-21 17:04:07
 2  0      0 1437944  84276 2050428    0    0     0     0 42958 36176 41 22 36  0  0  0 2026-09-21 17:04:08
 2  0      0 1439484  84276 2050428    0    0     0     0 40874 27364 41 26 34  0  0  0 2026-09-21 17:04:09
 4  0      0 1439876  84276 2050428    0    0     0     0 42203 30732 45 24 31  0  0  0 2026-09-21 17:04:10
 1  0      0 1437612  84276 2050428    0    0     0     0 40889 27811 43 27 30  0  0  0 2026-09-21 17:04:11
 1  0      0 1437136  84276 2050428    0    0     0     0 37810 29919 39 25 36  0  0  0 2026-09-21 17:04:12
 2  0      0 1436408  84276 2050428    0    0     0     0 40206 22194 48 26 27  0  0  0 2026-09-21 17:04:13
procs -----------memory---------- ---swap-- -----io---- -system-- -------cpu------- -----timestamp-----
 r  b   swpd   free   buff  cache   si   so    bi    bo   in   cs us sy id wa st gu                 UTC
 3  0      0 1434448  84276 2050428    0    0     0    20 40543 30757 38 26 35  0  0  0 2026-09-21 17:04:14
 2  0      0 1437480  84276 2050428    0    0     0     0 40522 27892 42 26 32  0  0  0 2026-09-21 17:04:15
 3  0      0 1441540  84276 2050428    0    0     0     0 35892 30775 37 21 42  0  0  0 2026-09-21 17:04:16
 1  0      0 1443428  84276 2050428    0    0     0     0 34073 29953 34 19 46  0  0  0 2026-09-21 17:04:17
 0  0      0 1443428  84276 2050428    0    0     0     0 32925 26584 35 19 46  0  0  0 2026-09-21 17:04:18
 0  0      0 1444944  84276 2050428    0    0     0     0 33150 29357 35 18 47  0  0  0 2026-09-21 17:04:19
 0  0      0 1430492  84276 2050572    0    0     0    36 11766 9888 25  9 66  0  0  0 2026-09-21 17:04:20
