procs -----------memory---------- ---swap-- -----io---- -system-- -------cpu------- -----timestamp-----
 r  b   swpd   free   buff  cache   si   so    bi    bo   in   cs us sy id wa st gu                 UTC
 1  0      0 1492676  84116 2047460    0    0   189   774  423    2  3  1 95  1  0  0 2026-09-21 16:49:07
 0  0      0 1494852  84116 2047436    0    0     0     0  190  230  0  1 99  0  0  0 2026-09-21 16:49:08
 0  0      0 1497876  84116 2047436    0    0     0     0   40   47  0  0 100  0  0  0 2026-09-21 16:49:09
 0  0      0 1500524  84116 2047436    0    0     0     0   64   74  0  0 100  0  0  0 2026-09-21 16:49:10
 0  0      0 1502840  84116 2047436    0    0     0     0   38   47  0  0 100  0  0  0 2026-09-21 16:49:11
 0  0      0 1504868  84116 2047436    0    0     0     0   29   42  0  0 100  0  0  0 2026-09-21 16:49:12
 0  0      0 1506640  84116 2047436    0    0     0     0   33   43  0  0 100  0  0  0 2026-09-21 16:49:13
 0  0      0 1508192  84116 2047436    0    0     0     0   34   47  0  0 100  0  0  0 2026-09-21 16:49:14
 0  0      0 1509548  84116 2047436    0    0     0     0   44   50  0  0 100  0  0  0 2026-09-21 16:49:15
 0  0      0 1509716  84116 2047436    0    0     0     0   47   53  0  0 100  0  0  0 2026-09-21 16:49:16
 0  0      0 1509716  84116 2047436    0    0     0     0   33   47  0  0 100  0  0  0 2026-09-21 16:49:17
 0  0      0 1509716  84116 2047436    0    0     0     0   34   42  0  0 100  0  0  0 2026-09-21 16:49:18
 0  0      0 1509716  84116 2047436    0    0     0     0   46   47  0  0 100  0  0  0 2026-09-21 16:49:19
 0  0      0 1509716  84116 2047436    0    0     0     0   34   42  0  1 100  0  0  0 2026-09-21 16:49:20
 0  0      0 1509716  84116 2047436    0    0     0     0   32   39  0  0 100  0  0  0 2026-09-21 16:49:21
 0  0      0 1509716  84116 2047436    0    0     0     0   33   43  0  0 100  0  0  0 2026-09-21 16:49:22
 0  0      0 1509716  84116 2047436    0    0     0     0   40   44  0  0 100  0  0  0 2026-09-21 16:49:23
 0  0      0 1509716  84116 2047436    0    0     0     0   32   38  0  0 100  0  0  0 2026-09-21 16:49:24
 1  0      0 1509716  84116 2047436    0    0     0     0   32   41  0  0 100  0  0  0 2026-09-21 16:49:25
 1  0      0 1509716  84116 2047436    0    0     0     0   35   41  1  0 100  0  0  0 2026-09-21 16:49:26
 1  0      0 1509716  84116 2047436    0    0     0     0   34   47  0  0 100  0  0  0 2026-09-21 16:49:27
procs -----------memory---------- ---swap-- -----io---- -system-- -------cpu------- -----timestamp-----
 r  b   swpd   free   buff  cache   si   so    bi    bo   in   cs us sy id wa st gu                 UTC
 1  0      0 1509716  84116 2047436    0    0     0     0   31   39  0  0 100  0  0  0 2026-09-21 16:49:28
 1  0      0 1509716  84116 2047436    0    0     0     0   31   41  0  0 100  0  0  0 2026-09-21 16:49:29
 1  0      0 1509716  84116 2047436    0    0     0     0   33   45  0  0 100  0  0  0 2026-09-21 16:49:30
 1  0      0 1509716  84116 2047436    0    0     0     0   44   47  0  0 100  0  0  0 2026-09-21 16:49:31
 1  0      0 1509716  84116 2047436    0    0     0  9856  110  147  0  0 99  1  0  0 2026-09-21 16:49:32
 1  0      0 1509716  84116 2047436    0    0     0     0   40   47  0  0 100  0  0  0 2026-09-21 16:49:33
 1  0      0 1509716  84124 2047436    0    0     0   128   42   51  0  0 100  1  0  0 2026-09-21 16:49:34
 1  0      0 1509716  84124 2047436    0    0     0     0   47   49  0  0 100  0  0  0 2026-09-21 16:49:35
 1  0      0 1509716  84124 2047436    0    0     0     0   32   35  0  0 100  0  0  0 2026-09-21 16:49:36
 1  0      0 1509716  84124 2047436    0    0     0     0   37   46  0  0 100  0  0  0 2026-09-21 16:49:37
 1  0      0 1509716  84124 2047436    0    0     0     0   35   43  0  0 100  0  0  0 2026-09-21 16:49:38
 1  0      0 1509716  84124 2047436    0    0     0     8   49   52  0  1 100  0  0  0 2026-09-21 16:49:39
 0  0      0 1509716  84124 2047436    0    0     0     0   28   44  0  0 100  0  0  0 2026-09-21 16:49:40
 0  0      0 1509716  84124 2047436    0    0     0     0   34   40  0  0 100  0  0  0 2026-09-21 16:49:41
 0  0      0 1509716  84124 2047440    0    0     0     0   27   39  0  0 100  0  0  0 2026-09-21 16:49:42
 0  0      0 1509716  84124 2047440    0    0     0     0   40   43  0  0 100  0  0  0 2026-09-21 16:49:43
 0  0      0 1509716  84124 2047444    0    0     0     0   25   34  0  0 100  0  0  0 2026-09-21 16:49:44
 0  0      0 1509716  84124 2047444    0    0     0     0   28   43  0  0 100  0  0  0 2026-09-21 16:49:45
 0  0      0 1509716  84124 2047444    0    0     0     0   32   43  0  0 100  0  0  0 2026-09-21 16:49:46
 0  0      0 1509716  84124 2047444    0    0     0     0   35   46  0  0 100  0  0  0 2026-09-21 16:49:47
 0  0      0 1509716  84124 2047444    0    0     0     0   36   45  1  0 100  0  0  0 2026-09-21 16:49:48
procs -----------memory---------- ---swap-- -----io---- -system-- -------cpu------- -----timestamp-----
 r  b   swpd   free   buff  cache   si   so    bi    bo   in   cs us sy id wa st gu                 UTC
 0  0      0 1509716  84124 2047444    0    0     0     0   28   43  0  0 100  0  0  0 2026-09-21 16:49:49
 0  0      0 1509716  84124 2047444    0    0     0     0   39   40  0  0 100  0  0  0 2026-09-21 16:49:50
 0  0      0 1509716  84124 2047444    0    0     0     0   47   58  0  0 100  0  0  0 2026-09-21 16:49:51
 0  0      0 1509716  84124 2047444    0    0     0     0   27   33  0  0 100  0  0  0 2026-09-21 16:49:52
 0  0      0 1509716  84124 2047444    0    0     0     0   35   47  0  0 100  0  0  0 2026-09-21 16:49:53
 0  0      0 1509716  84124 2047444    0    0     0     0   39   45  0  1 100  0  0  0 2026-09-21 16:49:54
 0  0      0 1509716  84124 2047444    0    0     0     0   40   44  0  0 100  0  0  0 2026-09-21 16:49:55
 0  0      0 1509716  84124 2047444    0    0     0     0   29   37  0  0 100  0  0  0 2026-09-21 16:49:56
 0  0      0 1509716  84124 2047444    0    0     0     0   27   43  1  0 100  0  0  0 2026-09-21 16:49:57
 0  0      0 1509716  84124 2047444    0    0     0     0   30   43  0  0 100  0  0  0 2026-09-21 16:49:58
 0  0      0 1509716  84124 2047444    0    0     0     0   31   42  0  0 100  0  0  0 2026-09-21 16:49:59
 0  0      0 1509716  84124 2047444    0    0     0     0   21   33  0  0 100  0  0  0 2026-09-21 16:50:00
 0  0      0 1509716  84124 2047444    0    0     0     0   31   39  0  0 100  0  0  0 2026-09-21 16:50:01
 0  0      0 1509512  84124 2047444    0    0     0     0   93  108  0  0 99  0  0  0 2026-09-21 16:50:02
 0  0      0 1509464  84128 2047444    0    0     0    48   40   54  0  0 100  0  0  0 2026-09-21 16:50:03
 0  0      0 1509464  84128 2047444    0    0     0     0   41   47  0  0 100  0  0  0 2026-09-21 16:50:04
 0  0      0 1509464  84128 2047444    0    0     0   120   34   45  0  1 100  0  0  0 2026-09-21 16:50:05
 0  0      0 1509464  84128 2047444    0    0     0     0   36   45  0  0 100  0  0  0 2026-09-21 16:50:06
 0  0      0 1509464  84128 2047444    0    0     0     0   37   47  0  0 100  0  0  0 2026-09-21 16:50:07
 0  0      0 1509464  84128 2047444    0    0     0     0   44   52  0  0 100  0  0  0 2026-09-21 16:50:08
 0  0      0 1509464  84128 2047444    0    0     0     0   32   39  0  0 100  0  0  0 2026-09-21 16:50:09
procs -----------memory---------- ---swap-- -----io---- -system-- -------cpu------- -----timestamp-----
 r  b   swpd   free   buff  cache   si   so    bi    bo   in   cs us sy id wa st gu                 UTC
 0  0      0 1509464  84128 2047444    0    0     0    16   42   58  0  0 100  0  0  0 2026-09-21 16:50:10
 0  0      0 1509464  84128 2047444    0    0     0     0   38   40  0  0 100  0  0  0 2026-09-21 16:50:11
 0  0      0 1509464  84128 2047444    0    0     0     0   28   42  0  0 100  0  0  0 2026-09-21 16:50:12
 0  0      0 1509464  84128 2047444    0    0     0     0   31   41  0  0 100  0  0  0 2026-09-21 16:50:13
 0  0      0 1509464  84128 2047444    0    0     0     0   28   39  0  1 100  0  0  0 2026-09-21 16:50:14
 0  0      0 1509464  84128 2047444    0    0     0     0   39   45  0  0 100  0  0  0 2026-09-21 16:50:15
 0  0      0 1482516  84128 2047584    0    0     0     4 1026 1152 15  4 82  0  0  0 2026-09-21 16:50:16
