procs -----------memory---------- ---swap-- -----io---- -system-- -------cpu------- -----timestamp-----
 r  b   swpd   free   buff  cache   si   so    bi    bo   in   cs us sy id wa st gu                 UTC
 1  0      0 2046948  48452 1154848    0    0   853  1026  660    4  5  1 91  3  0  0 2026-09-21 15:52:54
 2  0      0 2046936  48452 1154816    0    0     0     0  543  777  4  1 96  0  0  0 2026-09-21 15:52:55
 0  0      0 2046936  48452 1154816    0    0     0     0  374  539  2  0 98  0  0  0 2026-09-21 15:52:56
 0  0      0 2045172  48460 1154820    0    0     0   128  473  636  3  1 96  0  0  0 2026-09-21 15:52:57
 0  0      0 2045172  48460 1154820    0    0     0     0  463  616  4  1 96  0  0  0 2026-09-21 15:52:58
 0  0      0 2045172  48460 1154820    0    0     0     0  455  602  3  1 96  0  0  0 2026-09-21 15:52:59
 0  0      0 2045172  48460 1154820    0    0     0     0  446  605  4  1 96  0  0  0 2026-09-21 15:53:00
 0  0      0 2045172  48460 1154820    0    0     0     0  453  613  3  1 96  0  0  0 2026-09-21 15:53:01
 0  0      0 2045172  48460 1154820    0    0     0     0  558  713  4  1 96  0  0  0 2026-09-21 15:53:02
 2  0      0 2045172  48460 1154824    0    0     0     0  399  538  3  1 97  0  0  0 2026-09-21 15:53:03
 0  0      0 2045172  48460 1154824    0    0     0     0  421  582  3  0 97  0  0  0 2026-09-21 15:53:04
 0  0      0 2045172  48460 1154824    0    0     0     0  487  629  3  1 96  0  0  0 2026-09-21 15:53:05
 0  0      0 2045172  48460 1154824    0    0     0    16  503  641  3  1 96  0  0  0 2026-09-21 15:53:06
 0  0      0 2045172  48460 1154828    0    0     0  7760  568  694  3  1 95  0  0  0 2026-09-21 15:53:07
 1  0      0 2045172  48460 1154828    0    0     0     0  464  629  3  1 96  0  0  0 2026-09-21 15:53:08
 1  0      0 2045172  48460 1154828    0    0     0     0  473  615  3  1 96  0  0  0 2026-09-21 15:53:09
 1  0      0 2045172  48460 1154828    0    0     0     0  455  633  4  1 96  0  0  0 2026-09-21 15:53:10
 2  0      0 2045172  48460 1154828    0    0     0     0  368  523  2  1 98  0  0  0 2026-09-21 15:53:11
 1  0      0 2045172  48460 1154832    0    0     0     0  442  609  3  1 96  0  0  0 2026-09-21 15:53:12
 1  0      0 2044920  48460 1154832    0    0     0     0  469  615  4  1 96  0  0  0 2026-09-21 15:53:13
 1  0      0 2043912  48460 1154832    0    0     0     0  474  622  3  1 96  0  0  0 2026-09-21 15:53:14
procs -----------memory---------- ---swap-- -----io---- -system-- -------cpu------- -----timestamp-----
 r  b   swpd   free   buff  cache   si   so    bi    bo   in   cs us sy id wa st gu                 UTC
 1  0      0 2043156  48460 1154832    0    0     0     0  478  615  4  1 96  0  0  0 2026-09-21 15:53:15
 1  0      0 2043156  48460 1154832    0    0     0    20  463  605  4  1 96  0  0  0 2026-09-21 15:53:16
 1  0      0 2043156  48460 1154836    0    0     0  3676  491  644  3  1 96  0  0  0 2026-09-21 15:53:17
 0  0      0 2043156  48460 1154836    0    0     0     0  467  615  3  1 95  0  0  0 2026-09-21 15:53:18
 0  0      0 2043156  48460 1154840    0    0     0     0  341  499  2  1 98  0  0  0 2026-09-21 15:53:19
 0  0      0 2043156  48460 1154844    0    0     0     0  457  614  4  1 96  0  1  0 2026-09-21 15:53:20
 0  0      0 2043156  48460 1154844    0    0     0    20  461  615  3  1 96  0  0  0 2026-09-21 15:53:21
 0  0      0 2043156  48460 1154844    0    0     0     0  475  606  3  1 96  0  0  0 2026-09-21 15:53:22
 0  0      0 2043156  48460 1154844    0    0     0     0  496  678  4  1 96  0  0  0 2026-09-21 15:53:23
 0  0      0 2045212  48460 1154844    0    0     0     0  459  609  3  1 96  0  0  0 2026-09-21 15:53:24
 0  0      0 2045212  48460 1154844    0    0     0     0  466  612  4  1 96  0  0  0 2026-09-21 15:53:25
 0  0      0 2045212  48460 1154844    0    0     0     0  459  621  3  1 96  0  0  0 2026-09-21 15:53:26
 0  0      0 2045212  48468 1154836    0    0     0    72  361  521  2  0 98  1  0  0 2026-09-21 15:53:27
 0  0      0 2044960  48468 1154844    0    0     0   120  473  617  3  1 96  0  0  0 2026-09-21 15:53:28
 0  0      0 2044960  48468 1154852    0    0     0     0  445  600  4  1 96  0  0  0 2026-09-21 15:53:29
 0  0      0 2044960  48468 1154856    0    0     0     0  479  627  3  1 96  0  0  0 2026-09-21 15:53:30
 0  0      0 2042944  48468 1154856    0    0     0     0  464  617  3  1 96  0  0  0 2026-09-21 15:53:31
 0  0      0 2042944  48468 1154856    0    0     0     0  457  616  4  1 96  0  0  0 2026-09-21 15:53:32
 0  0      0 2042944  48468 1154856    0    0     0     0  443  598  3  1 96  0  0  0 2026-09-21 15:53:33
 1  0      0 2042944  48468 1154856    0    0     0     0  421  564  3  1 96  0  0  0 2026-09-21 15:53:34
 0  0      0 2042944  48468 1154856    0    0     0     0  392  567  2  1 98  0  0  0 2026-09-21 15:53:35
procs -----------memory---------- ---swap-- -----io---- -system-- -------cpu------- -----timestamp-----
 r  b   swpd   free   buff  cache   si   so    bi    bo   in   cs us sy id wa st gu                 UTC
 0  0      0 2042944  48468 1154856    0    0     0     0  447  597  3  1 96  0  0  0 2026-09-21 15:53:36
 0  0      0 2042944  48468 1154864    0    0     0     0  453  619  4  1 96  0  0  0 2026-09-21 15:53:37
 0  0      0 2042944  48468 1154864    0    0     0     0  457  616  3  1 96  0  0  0 2026-09-21 15:53:38
 0  0      0 2042944  48468 1154864    0    0     0     0  448  611  3  1 96  0  0  0 2026-09-21 15:53:39
 0  0      0 2042944  48468 1154864    0    0     0     0  449  601  3  1 96  0  0  0 2026-09-21 15:53:40
 0  0      0 2042944  48468 1154864    0    0     0     0  463  609  4  1 96  0  0  0 2026-09-21 15:53:41
 1  0      0 2042944  48468 1154868    0    0     0     0  415  562  3  1 97  0  0  0 2026-09-21 15:53:42
 0  0      0 2042944  48468 1154868    0    0     0     0  451  602  3  1 97  0  0  0 2026-09-21 15:53:43
 0  0      0 2045300  48468 1154868    0    0     0     0  444  599  4  1 96  0  0  0 2026-09-21 15:53:44
 0  0      0 2045300  48468 1154868    0    0     0     0  456  609  3  1 96  0  0  0 2026-09-21 15:53:45
 0  0      0 2045300  48468 1154872    0    0     0     0  468  619  3  1 96  0  0  0 2026-09-21 15:53:46
 0  0      0 2045300  48468 1154872    0    0     0     0  448  607  3  1 96  0  0  0 2026-09-21 15:53:47
 0  0      0 2045300  48468 1154872    0    0     0  3356  495  627  4  1 96  0  0  0 2026-09-21 15:53:48
 0  0      0 2045300  48468 1154872    0    0     0     0  451  607  3  1 96  0  0  0 2026-09-21 15:53:49
 3  0      0 2048388  48480 1154860    0    0    12     0  419  580  2  1 97  0  0  0 2026-09-21 15:53:50
 0  0      0 2048164  48480 1154872    0    0     0     0  459  664  4  1 96  0  0  0 2026-09-21 15:53:51
 0  0      0 2048164  48480 1154876    0    0     0    16  459  603  4  1 96  0  0  0 2026-09-21 15:53:52
 0  0      0 2048164  48480 1154876    0    0     0     0  524  704  3  1 96  0  0  0 2026-09-21 15:53:53
 0  0      0 2048164  48480 1154880    0    0     0     0  483  629  4  1 96  0  0  0 2026-09-21 15:53:54
 0  0      0 2048164  48480 1154880    0    0     0     0  457  617  4  1 96  0  0  0 2026-09-21 15:53:55
 0  0      0 2048164  48480 1154880    0    0     0     0  457  608  3  1 96  0  0  0 2026-09-21 15:53:56
procs -----------memory---------- ---swap-- -----io---- -system-- -------cpu------- -----timestamp-----
 r  b   swpd   free   buff  cache   si   so    bi    bo   in   cs us sy id wa st gu                 UTC
 0  0      0 2048164  48488 1154872    0    0     0    56  456  608  4  1 96  0  0  0 2026-09-21 15:53:57
 0  0      0 2048164  48488 1154880    0    0     0     0  362  525  2  1 98  0  0  0 2026-09-21 15:53:58
 0  0      0 2048164  48488 1154884    0    0     0    20  469  610  3  1 96  0  0  0 2026-09-21 15:53:59
 0  0      0 2048164  48488 1154884    0    0     0     0  453  602  3  1 96  0  0  0 2026-09-21 15:54:00
 0  0      0 2048164  48488 1154884    0    0     0     0  459  612  4  1 96  0  0  0 2026-09-21 15:54:01
 0  0      0 2048164  48488 1154888    0    0     0     0  534  680  3  1 96  0  0  0 2026-09-21 15:54:02
 0  0      0 2048164  48488 1154888    0    0     0     0  466  630  3  1 96  0  0  0 2026-09-21 15:54:03
