procs -----------memory---------- ---swap-- -----io---- -system-- -------cpu------- -----timestamp-----
 r  b   swpd   free   buff  cache   si   so    bi    bo   in   cs us sy id wa st gu                 UTC
 1  0      0 2233692  44420 979892    0    0   757   891  636    4  4  1 92  2  0  0 2026-09-21 15:52:54
 0  0      0 2235720  44420 979840    0    0     0     0  611  787  3  1 95  0  0  0 2026-09-21 15:52:55
 0  0      0 2235720  44420 979844    0    0     0     0  347  499  2  1 98  0  0  0 2026-09-21 15:52:56
 0  0      0 2237144  44420 979844    0    0     0    20  465  628  4  1 96  0  0  0 2026-09-21 15:52:57
 0  0      0 2239524  44420 979844    0    0     0     0  448  606  3  1 96  0  0  0 2026-09-21 15:52:58
 0  0      0 2239524  44420 979844    0    0     0     0  468  618  3  1 96  0  0  0 2026-09-21 15:52:59
 0  0      0 2239524  44420 979844    0    0     0     0  437  598  4  1 96  0  0  0 2026-09-21 15:53:00
 0  0      0 2239524  44420 979844    0    0     0     0  507  669  4  1 96  0  0  0 2026-09-21 15:53:01
 0  0      0 2239524  44420 979844    0    0     0     0  451  608  3  1 96  0  0  0 2026-09-21 15:53:02
 0  0      0 2239524  44420 979848    0    0     0     0  457  625  3  1 95  0  0  0 2026-09-21 15:53:03
 0  0      0 2239524  44420 979848    0    0     0     0  357  520  2  0 98  0  0  0 2026-09-21 15:53:04
 0  0      0 2239524  44420 979848    0    0     0  7732  529  692  3  0 95  1  0  0 2026-09-21 15:53:05
 0  0      0 2239524  44420 979848    0    0     0     0  453  605  3  1 96  0  0  0 2026-09-21 15:53:06
 0  0      0 2239524  44420 979852    0    0     0    16  481  623  4  1 96  0  0  0 2026-09-21 15:53:07
 0  0      0 2239524  44420 979852    0    0     0     0  448  599  3  1 96  0  0  0 2026-09-21 15:53:08
 0  0      0 2239524  44420 979852    0    0     0     0  461  605  3  1 96  0  0  0 2026-09-21 15:53:09
 0  0      0 2239524  44420 979852    0    0     0     0  449  613  4  1 96  0  0  0 2026-09-21 15:53:10
 1  0      0 2239524  44420 979852    0    0     0     0  399  554  3  0 97  0  0  0 2026-09-21 15:53:11
 0  0      0 2239524  44420 979856    0    0     0    24  413  558  3  1 97  0  0  0 2026-09-21 15:53:12
 1  0      0 2239524  44420 979856    0    0     0     0  460  626  4  1 96  0  0  0 2026-09-21 15:53:13
 1  0      0 2239524  44420 979856    0    0     0     0  467  623  4  0 96  0  0  0 2026-09-21 15:53:14
procs -----------memory---------- ---swap-- -----io---- -system-- -------cpu------- -----timestamp-----
 r  b   swpd   free   buff  cache   si   so    bi    bo   in   cs us sy id wa st gu                 UTC
 1  0      0 2239524  44420 979860    0    0     0  3452  479  629  4  1 96  0  0  0 2026-09-21 15:53:15
 1  0      0 2239524  44420 979860    0    0     0     0  469  603  4  1 96  0  0  0 2026-09-21 15:53:16
 1  0      0 2239524  44420 979860    0    0     0     0  456  617  3  1 96  0  0  0 2026-09-21 15:53:17
 1  0      0 2239524  44420 979864    0    0     0     0  446  608  4  1 96  0  0  0 2026-09-21 15:53:18
 1  0      0 2239524  44420 979864    0    0     0     0  370  524  2  1 98  0  0  0 2026-09-21 15:53:19
 1  0      0 2239524  44428 979860    0    0     0   136  475  635  4  1 96  0  0  0 2026-09-21 15:53:20
 1  0      0 2239524  44428 979868    0    0     0     0  466  617  3  1 96  0  0  0 2026-09-21 15:53:21
 1  0      0 2239524  44428 979868    0    0     0     0  486  625  4  1 96  0  0  0 2026-09-21 15:53:22
 1  0      0 2239524  44428 979868    0    0     0     0  457  609  3  1 96  0  0  0 2026-09-21 15:53:23
 1  0      0 2239524  44428 979868    0    0     0     0  453  617  4  1 96  0  0  0 2026-09-21 15:53:24
 1  0      0 2239524  44428 979868    0    0     0     0  454  620  3  1 96  0  0  0 2026-09-21 15:53:25
 1  0      0 2239524  44428 979868    0    0     0     0  448  607  3  1 96  0  0  0 2026-09-21 15:53:26
 1  0      0 2239524  44428 979868    0    0     0     0  362  518  2  0 98  0  0  0 2026-09-21 15:53:27
 1  0      0 2239524  44428 979868    0    0     0    32  480  619  4  1 96  0  0  0 2026-09-21 15:53:28
 1  0      0 2239524  44428 979876    0    0     0     0  480  620  3  1 96  0  0  0 2026-09-21 15:53:29
 0  0      0 2239524  44428 979880    0    0     0     0  459  608  3  1 96  0  0  0 2026-09-21 15:53:30
 0  0      0 2239524  44428 979880    0    0     0     0  470  611  4  1 96  0  0  0 2026-09-21 15:53:31
 0  0      0 2239524  44428 979880    0    0     0     0  443  612  3  1 96  0  0  0 2026-09-21 15:53:32
 0  0      0 2239524  44428 979880    0    0     0     0  493  657  3  1 96  0  0  0 2026-09-21 15:53:33
 2  0      0 2239524  44428 979880    0    0     0     0  412  561  3  1 96  0  0  0 2026-09-21 15:53:34
 0  0      0 2239524  44428 979880    0    0     0     0  412  583  2  1 98  0  0  0 2026-09-21 15:53:35
procs -----------memory---------- ---swap-- -----io---- -system-- -------cpu------- -----timestamp-----
 r  b   swpd   free   buff  cache   si   so    bi    bo   in   cs us sy id wa st gu                 UTC
 0  0      0 2239524  44428 979884    0    0     0     0  466  618  3  1 96  0  0  0 2026-09-21 15:53:36
 0  0      0 2239524  44428 979888    0    0     0     0  454  601  4  1 96  0  0  0 2026-09-21 15:53:37
 0  0      0 2239524  44428 979888    0    0     0     0  456  607  3  1 96  0  0  0 2026-09-21 15:53:38
 0  0      0 2239524  44428 979888    0    0     0     0  463  619  3  1 96  0  0  0 2026-09-21 15:53:39
 0  0      0 2239524  44428 979892    0    0     0     0  469  613  4  1 96  0  0  0 2026-09-21 15:53:40
 0  0      0 2241092  44428 979892    0    0     0     0  459  616  3  1 96  0  0  0 2026-09-21 15:53:41
 0  0      0 2241092  44440 979892    0    0    12     0  391  640  3  1 96  0  0  0 2026-09-21 15:53:42
 0  0      0 2241028  44440 979956    0    0     0    16  464  620  3  1 96  0  0  0 2026-09-21 15:53:43
 0  0      0 2241028  44440 979956    0    0     0     0  475  631  4  1 96  0  0  0 2026-09-21 15:53:44
 0  0      0 2242936  44440 979956    0    0     0     0  427  604  3  1 96  0  0  0 2026-09-21 15:53:45
 0  0      0 2242936  44440 979960    0    0     0     0  461  613  3  1 96  0  0  0 2026-09-21 15:53:46
 0  0      0 2242936  44440 979960    0    0     0  3720  501  652  3  0 96  0  0  0 2026-09-21 15:53:47
 0  0      0 2242936  44440 979960    0    0     0     0  452  606  3  1 96  0  0  0 2026-09-21 15:53:48
 0  0      0 2242936  44440 979960    0    0     0     0  447  619  4  1 96  0  0  0 2026-09-21 15:53:49
 0  0      0 2242936  44448 979952    0    0     0    56  355  505  2  0 98  0  0  0 2026-09-21 15:53:50
 0  0      0 2242936  44448 979964    0    0     0   108  466  619  3  1 96  0  0  0 2026-09-21 15:53:51
 0  0      0 2242936  44448 979964    0    0     0     0  507  636  4  1 96  0  0  0 2026-09-21 15:53:52
 0  0      0 2242936  44448 979964    0    0     0     0  471  617  3  1 96  0  0  0 2026-09-21 15:53:53
 0  0      0 2242936  44448 979968    0    0     0     0  447  605  4  1 96  0  0  0 2026-09-21 15:53:54
 0  0      0 2242936  44448 979968    0    0     0     0  472  623  3  1 96  0  0  0 2026-09-21 15:53:55
 0  0      0 2242936  44448 979968    0    0     0     0  458  610  4  1 96  0  0  0 2026-09-21 15:53:56
procs -----------memory---------- ---swap-- -----io---- -system-- -------cpu------- -----timestamp-----
 r  b   swpd   free   buff  cache   si   so    bi    bo   in   cs us sy id wa st gu                 UTC
 1  0      0 2242936  44448 979972    0    0     0     0  402  554  3  1 97  0  0  0 2026-09-21 15:53:57
 0  0      0 2242936  44448 979972    0    0     0     0  402  562  3  1 97  0  0  0 2026-09-21 15:53:58
 0  0      0 2242936  44448 979972    0    0     0    40  486  634  3  1 96  0  0  0 2026-09-21 15:53:59
 0  0      0 2242936  44448 979972    0    0     0     0  451  600  3  1 96  0  0  0 2026-09-21 15:54:00
 0  0      0 2242936  44448 979976    0    0     0     0  527  669  4  1 96  0  0  0 2026-09-21 15:54:01
 0  0      0 2242936  44448 979976    0    0     0     0  447  615  3  1 96  0  0  0 2026-09-21 15:54:02
 0  0      0 2242936  44448 979980    0    0     0     0  480  635  4  1 96  0  0  0 2026-09-21 15:54:03
