procs -----------memory---------- ---swap-- -----io---- -system-- -------cpu------- -----timestamp-----
 r  b   swpd   free   buff  cache   si   so    bi    bo   in   cs us sy id wa st gu                 UTC
 0  0      0 6709096  35392 826368    0    0    75   166 10786   26  6  2 91  0  0  0 2026-09-21 17:20:34
 0  0      0 6704960  35392 826392    0    0     0     0 2283 2389  3  2 95  0  0  0 2026-09-21 17:20:35
 0  0      0 6704960  35392 826392    0    0     0     0   55   55  0  0 100  0  0  0 2026-09-21 17:20:36
 1  0      0 6692744  35392 826392    0    0     0     0 10581 13550  4  2 94  0  0  0 2026-09-21 17:20:37
 0  0      0 6694200  35392 826392    0    0     0     0 4305 5881  1  1 98  0  0  0 2026-09-21 17:20:38
 0  0      0 6691428  35392 826392    0    0     0     0 15660 22583  6  2 93  0  0  0 2026-09-21 17:20:39
 3  0      0 6682536  35392 826344    0    0     0     0 19617 25396  8  3 89  0  0  0 2026-09-21 17:20:40
 0  0      0 6672708  35392 826344    0    0     0     0 15417 20124  7  2 91  0  0  0 2026-09-21 17:20:41
 0  0      0 6643224  35392 826344    0    0     0     0 24407 31107 10  4 86  0  0  0 2026-09-21 17:20:42
 4  0      0 6632972  35392 826344    0    0     0     0 21298 27185  9  3 88  0  0  0 2026-09-21 17:20:43
 1  0      0 6604924  35392 826344    0    0     0     0 25456 31773 11  4 85  0  0  0 2026-09-21 17:20:44
 0  0      0 6573928  35392 826344    0    0     0     0 28282 34965 12  4 84  0  0  0 2026-09-21 17:20:45
 3  0      0 6531340  35392 826376    0    0     0     0 33029 40113 16  6 79  0  0  0 2026-09-21 17:20:46
 0  0      0 6492784  35392 826408    0    0     0     0 36558 44210 17  6 77  0  0  0 2026-09-21 17:20:47
 0  0      0 6457000  35392 826468    0    0     0     0 40143 47913 20  7 73  0  0  0 2026-09-21 17:20:48
 0  0      0 6408368  35392 826540    0    0     0     0 36424 39598 20  7 73  0  0  0 2026-09-21 17:20:49
 2  0      0 6322188  35392 826640    0    0     0     0 45826 44304 29 10 62  0  0  0 2026-09-21 17:20:50
 0  0      0 6272292  35392 826776    0    0     0     0 46096 45103 27 10 63  0  0  0 2026-09-21 17:20:51
 1  0      0 6186376  35392 826856    0    0     0     0 48015 42493 34 12 54  0  0  0 2026-09-21 17:20:52
 4  0      0 6053712  35392 826956    0    0     0     0 49574 42010 36 11 52  0  0  0 2026-09-21 17:20:53
 0  0      0 6034844  35392 827056    0    0     0     4 50743 42123 39 10 51  0  0  0 2026-09-21 17:20:54
procs -----------memory---------- ---swap-- -----io---- -system-- -------cpu------- -----timestamp-----
 r  b   swpd   free   buff  cache   si   so    bi    bo   in   cs us sy id wa st gu                 UTC
 3  0      0 5850532  35392 827216    0    0     0     0 54554 36311 48 14 38  0  0  0 2026-09-21 17:20:55
 0  0      0 5821156  35392 827348    0    0     0     0 52609 39330 42 13 44  0  0  0 2026-09-21 17:20:56
 1  0      0 5592080  35392 827524    0    0     0     0 53820 26654 56 15 29  0  0  0 2026-09-21 17:20:57
 5  0      0 5567256  35392 827584    0    0     0     0 55462 32617 51 14 35  0  0  0 2026-09-21 17:20:58
 4  0      0 5321076  35392 827820    0    0     0     0 55772 20329 57 18 26  0  0  0 2026-09-21 17:20:59
 4  0      0 5263292  35392 827940    0    0     0     0 55299 23184 60 14 26  0  0  0 2026-09-21 17:21:00
 4  0      0 5086348  35392 828108    0    0     0     0 54043 18508 57 18 26  0  0  0 2026-09-21 17:21:01
 5  0      0 4824560  35392 828196    0    0     0     0 54054 9735 70 18 12  0  0  0 2026-09-21 17:21:02
 4  0      0 4818392  35392 828444    0    0     0     4 53495 22467 58 14 28  0  0  0 2026-09-21 17:21:03
 3  0      0 4676084  35400 828592    0    0     0    48 54459 16803 61 17 22  0  0  0 2026-09-21 17:21:04
 4  0      0 4383784  35400 828764    0    0     0  8272 55397 8617 72 16 12  0  0  0 2026-09-21 17:21:05
 4  0      0 4352780  35400 828940    0    0     0     0 54113 12736 69 16 16  0  0  0 2026-09-21 17:21:06
 4  0      0 4291320  35400 829016    0    0     0     0 56261 21546 59 16 26  0  0  0 2026-09-21 17:21:07
 3  0      0 4071076  35400 829212    0    0     0     0 53780 19965 56 17 27  0  0  0 2026-09-21 17:21:08
 4  0      0 3750712  35400 829292    0    0     0     0 56994 4038 79 17  5  0  0  0 2026-09-21 17:21:09
 5  0      0 3745464  35400 829548    0    0     0     0 54454 10405 70 15 15  0  0  0 2026-09-21 17:21:10
 5  0      0 3734460  35400 829576    0    0     0     0 55211 19508 61 15 24  0  0  0 2026-09-21 17:21:11
 4  0      0 3646352  35400 829688    0    0     0     0 51891 24994 54 14 32  0  0  0 2026-09-21 17:21:12
 2  0      0 3325140  35400 829884    0    0     0     0 56583 11966 62 19 18  0  0  0 2026-09-21 17:21:13
 5  0      0 3086888  35400 830076    0    0     0     0 56351 7308 77 14  8  0  0  0 2026-09-21 17:21:14
 4  0      0 3014416  35400 830232    0    0     0     0 53657 6581 77 16  8  0  0  0 2026-09-21 17:21:15
procs -----------memory---------- ---swap-- -----io---- -system-- -------cpu------- -----timestamp-----
 r  b   swpd   free   buff  cache   si   so    bi    bo   in   cs us sy id wa st gu                 UTC
 4  0      0 3013388  35400 830428    0    0     0     0 51218 20275 60 13 27  0  0  0 2026-09-21 17:21:16
 0  0      0 3011120  35400 830432    0    0     0     0 50257 28915 52 13 35  0  0  0 2026-09-21 17:21:17
 4  0      0 2998196  35400 830476    0    0     0     0 51287 23002 57 14 29  0  0  0 2026-09-21 17:21:18
 4  0      0 2813732  35400 830528    0    0     0     0 51403 20408 58 16 26  0  0  0 2026-09-21 17:21:19
 4  0      0 2442360  35400 830784    0    0     0     0 56766 8842 66 23 12  0  0  0 2026-09-21 17:21:20
 4  0      0 2159676  35400 830904    0    0     0     0 58392 1430 86 14  0  0  0  0 2026-09-21 17:21:21
 2  0      0 2147768  35400 831056    0    0     0     0 52958 8208 75 15 10  0  0  0 2026-09-21 17:21:22
 4  0      0 2147028  35400 831320    0    0     0     0 52611 9523 74 15 11  0  0  0 2026-09-21 17:21:23
 4  0      0 2146300  35400 831320    0    0     0     0 48782 24570 54 12 34  0  0  0 2026-09-21 17:21:24
 4  0      0 2143052  35400 831320    0    0     0     0 51874 25419 55 13 31  0  0  0 2026-09-21 17:21:25
 4  0      0 2140280  35400 831320    0    0     0     0 51190 28605 53 13 34  0  0  0 2026-09-21 17:21:26
 4  0      0 1997964  35400 831476    0    0     0     0 50286 8984 70 16 13  0  0  0 2026-09-21 17:21:27
 4  0      0 1629572  35400 831532    0    0     0     0 55824 13409 64 21 15  0  0  0 2026-09-21 17:21:28
 4  0      0 1417648  35400 831804    0    0     0     0 50389 2414 84 13  2  0  0  0 2026-09-21 17:21:29
 4  0      0 1350604  35400 832060    0    0     0     0 54877 3155 83 15  2  0  0  0 2026-09-21 17:21:30
 4  0      0 1348972  35400 832096    0    0     0     0 52534 2835 83 16  2  0  0  0 2026-09-21 17:21:31
 4  0      0 1348392  35400 832096    0    0     0     0 49842 21247 59 12 29  0  0  0 2026-09-21 17:21:32
 5  0      0 1347664  35400 832096    0    0     0     0 50499 22757 59 12 29  0  0  0 2026-09-21 17:21:33
 4  0      0 1340664  35400 832096    0    0     0     0 47383 31133 49 10 41  0  0  0 2026-09-21 17:21:34
 5  0      0 1337500  35408 832096    0    0     0   108 52100 21191 57 13 30  0  0  0 2026-09-21 17:21:35
 4  0      0 1267740  35408 832368    0    0     0     8 50381 8726 70 16 14  0  0  0 2026-09-21 17:21:36
procs -----------memory---------- ---swap-- -----io---- -system-- -------cpu------- -----timestamp-----
 r  b   swpd   free   buff  cache   si   so    bi    bo   in   cs us sy id wa st gu                 UTC
 4  0      0 990552  35408 832428    0    0     0     0 48762 11867 64 17 18  0  0  0 2026-09-21 17:21:37
 0  0      0 840152  35408 832552    0    0     0     0 34262 5230 69  7 25  0  0  0 2026-09-21 17:21:38
 0  0      0 839900  35408 832552    0    0     0     0 6147 9250  2  1 98  0  0  0 2026-09-21 17:21:39
 0  0      0 839900  35408 832552    0    0     0     0 5085 9480  1  1 98  0  0  0 2026-09-21 17:21:40
 0  0      0 839900  35408 832552    0    0     0     0 5573 10921  1  1 99  0  0  0 2026-09-21 17:21:41
 1  0      0 6714408  35408 826416    0    0     0     0 14557 4552  3 10 87  0  0  0 2026-09-21 17:21:42
