procs -----------memory---------- ---swap-- -----io---- -system-- -------cpu------- -----timestamp-----
 r  b   swpd   free   buff  cache   si   so    bi    bo   in   cs us sy id wa st gu                 UTC
 1  0      0 1843160 103836 1645608    0    0   272  2580 6761   49 24  8 67  1  0  0 2026-09-21 16:19:47
 0  0      0 1846164 103836 1645640    0    0     0  7852 1474 1693  7  4 89  0  0  0 2026-09-21 16:19:48
 0  0      0 1841320 103836 1645644    0    0     0     0  874  693  9  2 90  0  0  0 2026-09-21 16:19:49
 0  0      0 1856956 103836 1645908    0    0     0     0 10038 10400 18  7 75  0  0  0 2026-09-21 16:19:50
 0  0      0 1856924 103836 1646932    0    0     0   152 30667 40785 27 21 52  0  0  0 2026-09-21 16:19:51
 0  0      0 1855284 103836 1648116    0    0     0     0 35563 45903 35 27 38  0  0  0 2026-09-21 16:19:52
 5  0      0 1852632 103836 1649660    0    0     0     0 38974 45049 41 34 26  0  0  0 2026-09-21 16:19:53
 4  0      0 1849644 103836 1651312    0    0     0     0 38279 39066 49 33 17  0  0  0 2026-09-21 16:19:54
 5  0      0 1844616 103836 1652976    0    0     0     0 38923 39354 43 35 22  0  0  0 2026-09-21 16:19:55
 6  0      0 1843352 103836 1654444    0    0     0    28 39132 41387 46 33 20  0  0  0 2026-09-21 16:19:56
 3  0      0 1841724 103836 1656024    0    0     0     0 39151 42555 42 37 21  0  0  0 2026-09-21 16:19:57
 5  0      0 1836612 103836 1657652    0    0     0     0 36332 40260 47 32 21  0  0  0 2026-09-21 16:19:58
 3  0      0 1834100 103836 1659212    0    0     0    32 38465 40532 45 33 23  0  0  0 2026-09-21 16:19:59
 7  0      0 1829384 103836 1660476    0    0     0     0 38307 44023 42 33 25  0  0  0 2026-09-21 16:20:00
 8  0      0 1827944 103836 1661848    0    0     0  6844 38980 40751 45 34 21  0  0  0 2026-09-21 16:20:01
 4  0      0 1823280 103836 1663200    0    0     0     0 39555 45906 41 33 27  0  0  0 2026-09-21 16:20:02
 7  0      0 1824024 103836 1664540    0    0     0 30028 38866 43222 43 31 24  1  0  0 2026-09-21 16:20:03
 8  0      0 1822156 103836 1666156    0    0     0     0 38469 43212 44 32 24  0  0  0 2026-09-21 16:20:04
 6  0      0 1821580 103836 1667756    0    0     0     0 38716 42682 42 34 24  0  0  0 2026-09-21 16:20:05
 7  0      0 1819056 103836 1668996    0    0     0     0 41858 47475 40 33 27  0  0  0 2026-09-21 16:20:06
 3  0      0 1817556 103836 1670308    0    0     0     0 39455 41800 44 33 23  0  0  0 2026-09-21 16:20:07
procs -----------memory---------- ---swap-- -----io---- -system-- -------cpu------- -----timestamp-----
 r  b   swpd   free   buff  cache   si   so    bi    bo   in   cs us sy id wa st gu                 UTC
 7  0      0 1816932 103836 1671772    0    0     0 59580 39403 42689 41 34 24  1  0  0 2026-09-21 16:20:08
 6  0      0 1813004 103836 1673536    0    0     0 27428 41154 44608 43 34 23  1  0  0 2026-09-21 16:20:09
 5  0      0 1813316 103836 1675348    0    0     0     0 39326 44502 42 33 25  0  0  0 2026-09-21 16:20:10
 8  0      0 1810208 103836 1676696    0    0     0     0 41292 44561 42 32 27  0  0  0 2026-09-21 16:20:11
 5  0      0 1809568 103836 1678164    0    0     0     0 41129 44738 44 31 25  0  0  0 2026-09-21 16:20:12
 6  0      0 1805072 103836 1679540    0    0     0     0 38887 44333 42 31 27  0  0  0 2026-09-21 16:20:13
 0  0      0 1809096 103836 1680904    0    0     0     0 37550 43336 43 33 24  0  0  0 2026-09-21 16:20:14
 7  0      0 1803780 103836 1682292    0    0     0   144 38401 43462 42 33 26  0  0  0 2026-09-21 16:20:15
 2  0      0 1809404 103836 1683800    0    0     0     0 40280 45915 40 33 27  0  0  0 2026-09-21 16:20:16
 0  0      0 1804488 103836 1685068    0    0     0     4 40229 43548 42 33 25  0  0  0 2026-09-21 16:20:17
 8  0      0 1801548 103836 1686488    0    0     0     0 39852 44194 41 33 26  0  0  0 2026-09-21 16:20:18
 6  0      0 1803740 103836 1687700    0    0     0     0 38797 47108 39 32 29  0  0  0 2026-09-21 16:20:19
 4  0      0 1805216 103836 1688424    0    0     0     0 43557 50231 38 32 30  0  0  0 2026-09-21 16:20:20
 2  0      0 1799728 103836 1689256    0    0     0     0 39835 45226 41 32 27  0  0  0 2026-09-21 16:20:21
 3  0      0 1799828 103836 1689896    0    0     0  8440 40915 49214 36 30 34  0  0  0 2026-09-21 16:20:22
 5  0      0 1799804 103836 1690748    0    0     0     0 40326 46637 42 32 27  0  0  0 2026-09-21 16:20:23
 5  0      0 1799552 103836 1691428    0    0     0     0 43079 49977 38 31 31  0  0  0 2026-09-21 16:20:24
 8  0      0 1799168 103836 1692804    0    0     0     0 40435 47734 38 31 31  0  0  0 2026-09-21 16:20:25
 3  0      0 1798544 103836 1694100    0    0     0     0 39817 43677 44 32 24  0  0  0 2026-09-21 16:20:26
 7  0      0 1797052 103836 1695492    0    0     0     0 41362 45787 42 29 29  0  0  0 2026-09-21 16:20:27
 6  0      0 1796796 103836 1696904    0    0     0     0 41287 45707 42 30 28  0  0  0 2026-09-21 16:20:28
procs -----------memory---------- ---swap-- -----io---- -system-- -------cpu------- -----timestamp-----
 r  b   swpd   free   buff  cache   si   so    bi    bo   in   cs us sy id wa st gu                 UTC
 4  0      0 1796108 103836 1698252    0    0     0    44 43345 50745 38 30 32  0  0  0 2026-09-21 16:20:29
 6  0      0 1795724 103836 1699376    0    0     0     0 40567 45827 41 31 27  0  0  0 2026-09-21 16:20:30
 2  0      0 1795164 103836 1700908    0    0     0     0 40636 47809 39 31 31  0  0  0 2026-09-21 16:20:31
 4  0      0 1794416 103836 1702236    0    0     0 15076 39602 44668 40 33 27  1  0  0 2026-09-21 16:20:32
 5  0      0 1792712 103836 1703484    0    0     0    24 42115 49608 37 34 29  0  0  0 2026-09-21 16:20:33
 5  1      0 1791776 103836 1704624    0    0     0  7396 41029 47243 40 30 30  0  0  0 2026-09-21 16:20:34
 5  0      0 1789124 103836 1705952    0    0     0 23788 40262 46033 43 33 24  1  0  0 2026-09-21 16:20:35
 3  0      0 1788128 103836 1707640    0    0     0     0 40902 46523 40 32 28  0  0  0 2026-09-21 16:20:36
 0  0      0 1785680 103836 1708728    0    0     0  2336 41519 49219 38 31 30  0  0  0 2026-09-21 16:20:37
 5  0      0 1783544 103836 1710272    0    0     0     0 40859 46096 39 32 29  0  0  0 2026-09-21 16:20:38
 4  0      0 1781584 103836 1711552    0    0     0     0 38933 43960 42 32 26  0  0  0 2026-09-21 16:20:39
 3  0      0 1779264 103836 1712720    0    0     0 95212 43014 50303 36 31 30  3  0  0 2026-09-21 16:20:40
 1  0      0 1775544 103836 1713896    0    0     0     0 38394 45084 42 30 28  0  0  0 2026-09-21 16:20:41
 5  0      0 1781000 103836 1715192    0    0     0  2468 40237 45175 41 31 28  0  0  0 2026-09-21 16:20:42
 5  0      0 1775656 103836 1716496    0    0     0     0 41701 48905 38 31 31  0  0  0 2026-09-21 16:20:43
 4  0      0 1774720 103836 1717604    0    0     0     0 42837 49993 37 30 32  0  0  0 2026-09-21 16:20:44
 5  0      0 1774224 103836 1718796    0    0     0    60 44403 51011 38 31 31  0  0  0 2026-09-21 16:20:45
 7  0      0 1773400 103836 1720084    0    0     0     0 42454 50250 36 32 32  0  0  0 2026-09-21 16:20:46
 3  0      0 1770388 103836 1721012    0    0     0     0 41377 49669 37 29 34  0  0  0 2026-09-21 16:20:47
 2  0      0 1767692 103836 1722420    0    0     0    96 40018 45713 41 31 27  0  0  0 2026-09-21 16:20:48
 2  0      0 1766496 103836 1723488    0    0     0     0 41984 51076 34 31 35  0  0  0 2026-09-21 16:20:49
procs -----------memory---------- ---swap-- -----io---- -system-- -------cpu------- -----timestamp-----
 r  b   swpd   free   buff  cache   si   so    bi    bo   in   cs us sy id wa st gu                 UTC
 0  0      0 1765936 103836 1724820    0    0     0     0 43099 48909 38 32 30  0  0  0 2026-09-21 16:20:50
 5  0      0 1758164 103836 1733220    0    0     0 27160 40309 43762 39 36 24  1  0  0 2026-09-21 16:20:51
 2  0      0 1753272 103836 1738684    0    0     0 48612 37361 37765 43 39 17  1  0  0 2026-09-21 16:20:52
 3  0      0 1753192 103836 1739832    0    0     0     0 40574 45305 42 34 23  0  0  0 2026-09-21 16:20:53
 2  0      0 1753592 103836 1740628    0    0     0     0 39278 43197 42 35 24  0  0  0 2026-09-21 16:20:54
 0  0      0 1757824 103836 1741776    0    0     0     0 35003 37624 41 30 29  0  0  0 2026-09-21 16:20:55
0     0 31184 39540 46507 42 30 28  1  0  0 2026-09-21 16:20:34
 6  0      0 1788700 103836 1706312    0    0     0     0 41371 46659 42 32 26  0  0  0 2026-09-21 16:20:35
 6  0      0 1788128 103836 1707640    0    0     0     0 41341 47339 40 31 28  0  0  0 2026-09-21 16:20:36
 6  0      0 1784292 103836 1709060    0    0     0  2336 40972 49165 37 32 31  0  0  0 2026-09-21 16:20:37
 0  0      0 1782788 103836 1710440    0    0     0     0 39986 43934 41 33 27  0  0  0 2026-09-21 16:20:38
 2  0      0 1780956 103836 1711816    0    0     0 91964 41122 46342 40 32 25  3  0  0 2026-09-21 16:20:39
 3  0      0 1779064 103836 1712840    0    0     0  3248 41635 49114 38 30 32  0  0  0 2026-09-21 16:20:40
 7  0      0 1775416 103836 1714204    0    0     0     0 38950 45996 41 30 29  0  0  0 2026-09-21 16:20:41
 3  0      0 1779120 103836 1715392    0    0     0  2468 40124 44898 40 31 28  0  0  0 2026-09-21 16:20:42
 0  0      0 1774976 103836 1716824    0    0     0     0 43184 51055 37 31 32  0  0  0 2026-09-21 16:20:43
 4  0      0 1774720 103836 1717708    0    0     0    60 42701 50218 37 31 32  0  0  0 2026-09-21 16:20:44
 2  0      0 1774224 103836 1718996    0    0     0     0 42920 49520 40 30 30  0  0  0 2026-09-21 16:20:45
 6  0      0 1773100 103836 1720216    0    0     0     0 42130 49618 35 31 34  0  0  0 2026-09-21 16:20:46
 3  0      0 1769836 103836 1721524    0    0     0     0 42145 50538 38 31 32  0  0  0 2026-09-21 16:20:47
 6  0      0 1767004 103836 1722724    0    0     0    96 39363 45816 40 30 29  0  0  0 2026-09-21 16:20:48
procs -----------memory---------- ---swap-- -----io---- -system-- -------cpu------- -----timestamp-----
 r  b   swpd   free   buff  cache   si   so    bi    bo   in   cs us sy id wa st gu                 UTC
 7  0      0 1766496 103836 1723580    0    0     0     0 43490 50495 36 32 32  0  0  0 2026-09-21 16:20:49
 8  0      0 1765736 103836 1724984    0    0     0     0 43238 50344 37 31 32  0  0  0 2026-09-21 16:20:50
 4  0      0 1757956 103836 1733244    0    0     0 67700 36518 35041 43 40 15  2  0  0 2026-09-21 16:20:51
 3  0      0 1753016 103836 1739140    0    0     0  8072 40502 44735 39 37 23  1  0  0 2026-09-21 16:20:52
 5  0      0 1755096 103836 1740032    0    0     0     0 40520 45432 44 33 23  0  0  0 2026-09-21 16:20:53
 4  0      0 1753388 103836 1740828    0    0     0     0 38927 42635 42 35 23  0  0  0 2026-09-21 16:20:54
 2  0      0 1731292 103836 1741776    0    0     0     0 24509 26037 47 25 28  0  0  0 2026-09-21 16:20:55
142 36 31 33  0  0  0 2026-09-21 16:20:23
 5  0      0 1799296 103836 1692488    0    0     0     0 40187 46064 40 31 29  0  0  0 2026-09-21 16:20:24
 4  0      0 1798544 103836 1693832    0    0     0     0 40201 45581 42 32 26  0  0  0 2026-09-21 16:20:25
 3  0      0 1797420 103836 1694952    0    0     0     0 40762 43222 44 31 26  0  0  0 2026-09-21 16:20:26
 3  0      0 1796924 103836 1696532    0    0     0     0 41389 46754 41 29 31  0  0  0 2026-09-21 16:20:27
 3  0      0 1796364 103836 1697764    0    0     0     0 42726 49572 39 31 29  0  0  0 2026-09-21 16:20:28
 1  0      0 1795852 103836 1699056    0    0     0    44 41937 49114 40 31 29  0  0  0 2026-09-21 16:20:29
 5  0      0 1795228 103836 1700472    0    0     0     0 39864 45571 39 31 29  0  0  0 2026-09-21 16:20:30
 3  0      0 1794784 103836 1701680    0    0     0 15076 39831 45424 41 32 27  1  0  0 2026-09-21 16:20:31
 7  0      0 1792848 103836 1703096    0    0     0    24 41951 48212 37 33 29  0  0  0 2026-09-21 16:20:32
 1  0      0 1791840 103836 1704340    0    0     0     0 40717 47652 40 30 30  0  0  0 2026-09-21 16:20:33
 4  0      0 1789504 103836 1705548    0    0     0 31184 40973 47045 42 33 25  1  0  0 2026-09-21 16:20:34
 4  0      0 1788256 103836 1707096    0    0     0     0 40590 45674 42 32 26  0  0  0 2026-09-21 16:20:35
 2  0      0 1786336 103836 1708332    0    0     0  2336 42117 49390 38 31 31  0  0  0 2026-09-21 16:20:36
procs -----------memory---------- ---swap-- -----io---- -system-- -------cpu------- -----timestamp-----
 r  b   swpd   free   buff  cache   si   so    bi    bo   in   cs us sy id wa st gu                 UTC
 1  0      0 1783688 103836 1709688    0    0     0     0 40226 46715 39 32 29  0  0  0 2026-09-21 16:20:37
 1  0      0 1782216 103836 1711180    0    0     0     0 40018 44497 41 33 26  0  0  0 2026-09-21 16:20:38
 0  0      0 1780188 103836 1712160    0    0     0 95212 42320 48869 38 31 29  3  0  0 2026-09-21 16:20:39
 4  0      0 1776048 103836 1713672    0    0     0     0 38972 46306 40 30 30  0  0  0 2026-09-21 16:20:40
 0  0      0 1775160 103836 1714840    0    0     0  2456 40134 45179 42 32 26  0  0  0 2026-09-21 16:20:41
