procs -----------memory---------- ---swap-- -----io---- -system-- -------cpu------- -----timestamp-----
 r  b   swpd   free   buff  cache   si   so    bi    bo   in   cs us sy id wa st gu                 UTC
 1  0      0 1601352  92972 1167728    0    0   272  1486 3313   14 16  3 79  1  0  0 2026-09-21 16:19:46
 2  0      0 1601092  93064 1167544    0    0     0  1832 1191 2049  1  1 92  6  0  0 2026-09-21 16:19:47
 0  1      0 1601580  93472 1158704    0    0    16 39192 5296 10178 16  3 42 39  0  0 2026-09-21 16:19:48
 0  0      0 1576036  93660 1171028    0    0     0 20624 3842 6433 16  2 61 21  0  0 2026-09-21 16:19:49
 5  0      0 1575028  93676 1172636    0    0     0  1632 14862 12799 30  9 59  2  0  0 2026-09-21 16:19:50
 1  0      0 1573776  93696 1175112    0    0     0  1660 21476 18813 45 16 38  1  0  0 2026-09-21 16:19:51
20  0      0 1572068  93732 1178280    0    0     0  1604 23912 20899 64 21 16  1  0  0 2026-09-21 16:19:52
28  0      0 1569596  93744 1181828    0    0     0  2548 23258 20286 72 21  6  1  0  0 2026-09-21 16:19:53
46  0      0 1566800  93764 1185348    0    0     0  2328 24011 19136 72 23  6  0  0  0 2026-09-21 16:19:54
50  0      0 1564836  93772 1188988    0    0     0  1356 25548 19001 76 22  2  1  0  0 2026-09-21 16:19:55
20  0      0 1561744  93788 1193772    0    0     0  2468 24409 19949 74 24  2  0  0  0 2026-09-21 16:19:56
51  0      0 1559328  93808 1197380    0    0     0  1540 24972 18683 78 21  1  0  0  0 2026-09-21 16:19:57
64  0      0 1555548  93820 1200908    0    0     0  1400 23305 18888 75 23  3  0  0  0 2026-09-21 16:19:58
60  0      0 1550944  93828 1205544    0    0     0  2436 22897 18320 76 23  0  0  0  0 2026-09-21 16:19:59
28  0      0 1547112  93852 1209248    0    0     0 38876 24185 19155 75 22  3  0  0  0 2026-09-21 16:20:00
43  0      0 1543132  93856 1212652    0    0     0  1492 23253 17932 77 22  1  0  0  0 2026-09-21 16:20:01
66  0      0 1539856  93888 1216156    0    0     0  1476 23013 17939 77 22  1  0  0  0 2026-09-21 16:20:02
33  0      0 1536076  93900 1219820    0    0     0  1360 25617 18864 76 23  0  0  0  0 2026-09-21 16:20:03
 9  0      0 1531220  93916 1224468    0    0     0  2600 23367 18582 76 23  1  0  0  0 2026-09-21 16:20:04
60  0      0 1527796  93924 1228084    0    0     0  1972 23868 18622 77 22  1  0  0  0 2026-09-21 16:20:05
68  0      0 1524216  93936 1231712    0    0     0  1872 24539 18468 77 21  1  0  0  0 2026-09-21 16:20:06
procs -----------memory---------- ---swap-- -----io---- -system-- -------cpu------- -----timestamp-----
 r  b   swpd   free   buff  cache   si   so    bi    bo   in   cs us sy id wa st gu                 UTC
17  0      0 1520136  93956 1235324    0    0     0  1880 24557 18383 78 22  1  1  0  0 2026-09-21 16:20:07
66  0      0 1516612  93976 1238868    0    0     0  1680 24331 18502 76 23  1  0  0  0 2026-09-21 16:20:08
62  0      0 1512824  94000 1242496    0    0     0  2796 23496 18926 74 25  1  0  0  0 2026-09-21 16:20:09
61  0      0 1508844  94020 1246196    0    0     0  2292 23658 18913 78 21  0  0  0  0 2026-09-21 16:20:10
 5  0      0 1505064  94068 1249720    0    0     0  2464 25225 18653 78 21  1  0  0  0 2026-09-21 16:20:11
31  0      0 1501284  94108 1253420    0    0     0  3556 24472 18707 78 22  0  0  0  0 2026-09-21 16:20:12
11  0      0 1497704  94140 1257024    0    0     0  3888 24674 19148 78 22  1  1  0  0 2026-09-21 16:20:13
37  0      0 1493924  94172 1260684    0    0     0  3572 24626 18935 77 23  0  0  0  0 2026-09-21 16:20:14
62  0      0 1490248  94212 1264288    0    0     0  3328 24115 19624 75 23  2  0  0  0 2026-09-21 16:20:15
13  0      0 1486468  94292 1267740    0    0     0  3976 24484 18143 78 22  0  0  0  0 2026-09-21 16:20:16
64  0      0 1482888  94308 1271340    0    0     0  6492 23812 18782 77 22  0  0  0  0 2026-09-21 16:20:17
56  0      0 1479120  94340 1274904    0    0     0  3504 23862 19041 77 22  0  0  0  0 2026-09-21 16:20:18
25  0      0 1475832  94348 1278480    0    0     0  3088 23493 18743 77 22  1  1  0  0 2026-09-21 16:20:19
38  0      0 1471228  94368 1283132    0    0     0  4140 22774 19062 75 23  0  1  0  0 2026-09-21 16:20:20
64  0      0 1466476  94376 1287532    0    0     0  3844 23971 17980 76 23  1  1  0  0 2026-09-21 16:20:21
10  0      0 1462896  94396 1291168    0    0     0  2720 23123 18839 77 22  1  1  0  0 2026-09-21 16:20:22
63  0      0 1459420  94412 1294672    0    0     0  2428 24477 18350 78 22  1  0  0  0 2026-09-21 16:20:23
58  0      0 1455896  94428 1298184    0    0     0  2364 23869 18413 77 22  1  0  0  0 2026-09-21 16:20:24
44  0      0 1452312  94428 1301864    0    0     0  1140 23839 18603 76 22  1  0  0  0 2026-09-21 16:20:25
63  0      0 1448788  94432 1305316    0    0     0  1116 22998 17890 77 23  1  0  0  0 2026-09-21 16:20:26
57  0      0 1445256  94444 1308848    0    0     0  1312 23720 18526 75 24  2  0  0  0 2026-09-21 16:20:27
procs -----------memory---------- ---swap-- -----io---- -system-- -------cpu------- -----timestamp-----
 r  b   swpd   free   buff  cache   si   so    bi    bo   in   cs us sy id wa st gu                 UTC
64  0      0 1441832  94460 1312316    0    0     0  1536 23499 17525 76 24  0  0  0  0 2026-09-21 16:20:28
52  0      0 1438304  94528 1315756    0    0     0  1812 24369 17999 76 24  1  0  0  0 2026-09-21 16:20:29
52  0      0 1434672  94556 1319392    0    0     0  1760 25881 18899 77 23  1  0  0  0 2026-09-21 16:20:30
66  0      0 1431144  94588 1322868    0    0     0 112732 24217 18571 75 24  1  1  0  0 2026-09-21 16:20:31
37  0      0 1427668  94624 1326356    0    0     0  1592 25465 18369 76 23  1  0  0  0 2026-09-21 16:20:32
18  0      0 1425852  94652 1329928    0    0     0  1628 24436 18126 75 24  1  0  0  0 2026-09-21 16:20:33
 7  0      0 1422880  94700 1333520    0    0     0  2232 24194 18456 78 20  1  0  0  0 2026-09-21 16:20:34
62  0      0 1419352  94740 1337080    0    0     0  2528 24504 19200 76 24  1  0  0  0 2026-09-21 16:20:35
63  0      0 1415836  94784 1340460    0    0     0  2260 24458 17300 78 21  1  0  0  0 2026-09-21 16:20:36
37  0      0 1412348  94800 1343984    0    0     0  2216 22517 18582 75 24  1  0  0  0 2026-09-21 16:20:37
56  0      0 1408820  94828 1347544    0    0     0  2272 23509 18329 75 24  2  0  0  0 2026-09-21 16:20:38
67  0      0 1404992  94848 1351032    0    0     0  2200 25415 17650 76 24  1  0  0  0 2026-09-21 16:20:39
36  0      0 1401712  94868 1354720    0    0     0  2352 23022 17907 77 21  2  0  0  0 2026-09-21 16:20:40
34  0      0 1397936  94884 1358304    0    0     0  2364 24187 18557 77 23  1  0  0  0 2026-09-21 16:20:41
10  0      0 1396168  94908 1361732    0    0     0  2288 22622 17728 77 23  1  0  0  0 2026-09-21 16:20:42
52  0      0 1392944  94924 1365308    0    0     0  2288 24243 17781 78 22  1  0  0  0 2026-09-21 16:20:43
34  0      0 1389328  94948 1368776    0    0     0  2020 24400 17432 80 20  1  0  0  0 2026-09-21 16:20:44
65  0      0 1385536  94968 1372408    0    0     0  2160 23761 17887 79 22  0  0  0  0 2026-09-21 16:20:45
35  0      0 1382056  94988 1375848    0    0     0  1928 23981 17432 77 23  1  0  0  0 2026-09-21 16:20:46
 1  0      0 1378728  95016 1379532    0    0     0  1788 21760 18015 79 20  1  0  0  0 2026-09-21 16:20:47
27  0      0 1375252  95028 1382920    0    0     0  1660 22670 17604 77 21  1  0  0  0 2026-09-21 16:20:48
procs -----------memory---------- ---swap-- -----io---- -system-- -------cpu------- -----timestamp-----
 r  b   swpd   free   buff  cache   si   so    bi    bo   in   cs us sy id wa st gu                 UTC
33  0      0 1371776  95052 1386400    0    0     0  1588 24090 17361 77 22  0  0  0  0 2026-09-21 16:20:49
64  0      0 1365120  95076 1390060    0    0     0  1504 22085 17599 78 22  0  0  0  0 2026-09-21 16:20:50
63  0      0 1363860  95092 1393540    0    0     0  1476 21516 16764 77 20  3  0  0  0 2026-09-21 16:20:51
63  0      0 1359576  95116 1397388    0    0     0  1432 23911 17061 77 22  2  0  0  0 2026-09-21 16:20:52
63  0      0 1355796  95144 1401100    0    0     0  1328 23414 17239 78 22  1  0  0  0 2026-09-21 16:20:53
59  0      0 1349748  95176 1404892    0    0     0  1368 22630 16522 77 22  1  0  0  0 2026-09-21 16:20:54
  0     0  1628 24873 18146 77 22  1  0  0  0 2026-09-21 16:20:34
62  0      0 1421368  94700 1335148    0    0     0  2232 23673 18683 76 23  1  0  0  0 2026-09-21 16:20:35
56  0      0 1417792  94740 1338680    0    0     0  2528 25533 18604 78 22  1  0  0  0 2026-09-21 16:20:36
38  0      0 1414016  94784 1342152    0    0     0  2260 22924 17590 77 22  1  0  0  0 2026-09-21 16:20:37
25  0      0 1410480  94800 1345784    0    0     0  2216 22504 18524 74 24  2  0  0  0 2026-09-21 16:20:38
41  0      0 1406700  94828 1349260    0    0     0  2272 25062 18015 76 24  0  0  0  0 2026-09-21 16:20:39
58  0      0 1403172  94848 1352880    0    0     0  2304 23956 18022 77 23  1  0  0  0 2026-09-21 16:20:40
44  1      0 1399748  94872 1356524    0    0     0  2388 23136 18094 76 23  2  0  0  0 2026-09-21 16:20:41
34  0      0 1397124  94884 1360084    0    0     0  2224 24539 18091 77 22  1  0  0  0 2026-09-21 16:20:42
59  0      0 1394604  94908 1363468    0    0     0  2288 21941 17660 76 23  0  0  0  0 2026-09-21 16:20:43
38  0      0 1391132  94924 1367068    0    0     0  2340 23871 17543 78 21  0  0  0  0 2026-09-21 16:20:44
41  0      0 1387348  94948 1370632    0    0     0  1968 25656 17737 81 19  0  0  0  0 2026-09-21 16:20:45
22  0      0 1384072  94968 1374148    0    0     0  2160 23352 17574 76 24  0  0  0  0 2026-09-21 16:20:46
54  0      0 1380492  94988 1377640    0    0     0  1928 22697 17671 79 21  1  0  0  0 2026-09-21 16:20:47
43  0      0 1376972  95016 1381080    0    0     0  1788 22270 18089 78 21  1  0  0  0 2026-09-21 16:20:48
procs -----------memory---------- ---swap-- -----io---- -system-- -------cpu------- -----timestamp-----
 r  b   swpd   free   buff  cache   si   so    bi    bo   in   cs us sy id wa st gu                 UTC
53  0      0 1373740  95028 1384664    0    0     0  1660 23121 17548 78 22  0  0  0  0 2026-09-21 16:20:49
27  0      0 1370160  95052 1388172    0    0     0  1588 23762 17360 78 22  1  0  0  0 2026-09-21 16:20:50
 6  0      0 1364868  95076 1391792    0    0     0  1504 21036 17114 76 21  3  0  0  0 2026-09-21 16:20:51
63  0      0 1361096  95092 1395400    0    0     0  1476 23231 16963 79 21  1  0  0  0 2026-09-21 16:20:52
62  0      0 1357360  95116 1399148    0    0     0  1432 24117 17405 76 23  1  0  0  0 2026-09-21 16:20:53
58  0      0 1349764  95144 1402904    0    0     0  1328 23096 16857 79 20  1  0  0  0 2026-09-21 16:20:54
 1  0      0 1321944  95176 1405312    0    0     0  1368 14701 11934 56 20 25  0  0  0 2026-09-21 16:20:55
428 24339 18350 77 22  1  0  0  0 2026-09-21 16:20:23
61  0      0 1455896  94428 1298084    0    0     0  2364 23945 18478 78 21  1  0  0  0 2026-09-21 16:20:24
 8  0      0 1452312  94428 1301740    0    0     0  1140 23844 18524 76 22  1  0  0  0 2026-09-21 16:20:25
34  0      0 1449088  94432 1305216    0    0     0  1116 23023 17948 78 22  1  0  0  0 2026-09-21 16:20:26
41  0      0 1445256  94444 1308800    0    0     0  1312 23646 18485 75 24  2  0  0  0 2026-09-21 16:20:27
15  0      0 1441832  94460 1312216    0    0     0  1536 23622 17594 76 24  0  0  0  0 2026-09-21 16:20:28
50  0      0 1438304  94528 1315756    0    0     0  1812 24386 17993 76 23  1  0  0  0 2026-09-21 16:20:29
12  0      0 1434728  94556 1319308    0    0     0  1760 25736 18848 77 23  1  0  0  0 2026-09-21 16:20:30
 0  0      0 1431144  94588 1322860    0    0     0 112732 24260 18681 75 24  1  1  0  0 2026-09-21 16:20:31
56  0      0 1427668  94624 1326356    0    0     0  1528 25494 18266 76 24  1  0  0  0 2026-09-21 16:20:32
30  0      0 1425852  94652 1329840    0    0     0  1692 24437 18148 75 24  1  0  0  0 2026-09-21 16:20:33
64  0      0 1422932  94700 1333292    0    0     0  2232 24146 18437 78 20  1  0  0  0 2026-09-21 16:20:34
 6  0      0 1419404  94740 1337080    0    0     0  2528 24587 19200 76 23  1  0  0  0 2026-09-21 16:20:35
63  0      0 1415836  94784 1340460    0    0     0  2260 24438 17317 78 21  1  0  0  0 2026-09-21 16:20:36
procs -----------memory---------- ---swap-- -----io---- -system-- -------cpu------- -----timestamp-----
 r  b   swpd   free   buff  cache   si   so    bi    bo   in   cs us sy id wa st gu                 UTC
59  0      0 1412548  94800 1343984    0    0     0  2216 22523 18552 75 25  1  0  0  0 2026-09-21 16:20:37
54  0      0 1409020  94828 1347544    0    0     0  2272 23375 18362 76 23  2  0  0  0 2026-09-21 16:20:38
15  0      0 1405292  94848 1351032    0    0     0  2200 25463 17697 76 24  1  0  0  0 2026-09-21 16:20:39
63  0      0 1401712  94868 1354560    0    0     0  2352 23100 17864 77 21  2  0  0  0 2026-09-21 16:20:40
38  0      0 1397936  94884 1358304    0    0     0  2352 24237 18531 77 23  1  0  0  0 2026-09-21 16:20:41
