procs -----------memory---------- ---swap-- -----io---- -system-- -------cpu------- -----timestamp-----
 r  b   swpd   free   buff  cache   si   so    bi    bo   in   cs us sy id wa st gu                 UTC
 1  0      0 2780092  25492 443344    0    0   133    93 4729    5  5  4 90  0  0  0 2026-09-21 22:58:09
 0  0      0 2779028  25492 443304    0    0     0     0 1265 1252  3  2 95  0  0  0 2026-09-21 22:58:10
 0  0      0 2779028  25492 443304    0    0     0     0   38   52  0  0 100  0  0  0 2026-09-21 22:58:11
 0  0      0 2779028  25500 443316    0    0     0   112 4452 2784  3  2 96  0  0  0 2026-09-21 22:58:12
 0  0      0 2779028  25500 443296    0    0     0     0 1896  823  1  0 99  0  0  0 2026-09-21 22:58:13
 0  0      0 2779028  25500 443292    0    0     0     0 5374 3077  3  3 95  0  0  0 2026-09-21 22:58:14
 0  0      0 2779028  25500 443256    0    0     0     0 5464 3063  3  2 95  0  0  0 2026-09-21 22:58:15
 0  0      0 2780892  25500 443220    0    0     0     0 9409 5733  6  4 91  0  0  0 2026-09-21 22:58:16
 0  0      0 2779688  25500 443128    0    0     0     0 12726 7923  6  5 89  0  0  0 2026-09-21 22:58:17
 0  0      0 2778512  25500 443032    0    0     0     0 9273 5174  7  4 89  0  0  0 2026-09-21 22:58:18
 0  0      0 2781248  25500 442816    0    0     0     0 15624 10016  9  7 85  0  0  0 2026-09-21 22:58:19
 1  0      0 2806840  25500 441128    0    0     0     0 16306 8123 12  8 80  0  0  0 2026-09-21 22:58:20
 3  0      0 2807012  25500 440704    0    0     0     8 20742 11274 16 11 73  0  0  0 2026-09-21 22:58:21
 0  0      0 2807172  25500 440156    0    0     0     0 22523 11946 15 12 73  0  0  0 2026-09-21 22:58:22
 0  0      0 2806740  25500 439924    0    0     0     0 28115 13286 22 17 61  0  0  0 2026-09-21 22:58:23
 2  0      0 2807688  25500 439868    0    0     0     0 32681 14109 32 21 46  0  0  0 2026-09-21 22:58:24
 2  0      0 2806408  25500 439880    0    0     0     0 32650 13339 34 23 43  0  0  0 2026-09-21 22:58:25
 2  0      0 2806936  25500 440104    0    0     0     0 36666 12013 42 28 30  0  0  0 2026-09-21 22:58:26
 3  0      0 2806164  25500 440452    0    0     0     0 37885 10358 47 28 24  0  0  0 2026-09-21 22:58:27
 2  0      0 2803760  25500 440856    0    0     0     8 36963 6902 52 33 15  0  0  0 2026-09-21 22:58:28
 4  0      0 2801476  25500 441372    0    0     0     0 37389 6033 52 32 16  0  0  0 2026-09-21 22:58:29
procs -----------memory---------- ---swap-- -----io---- -system-- -------cpu------- -----timestamp-----
 r  b   swpd   free   buff  cache   si   so    bi    bo   in   cs us sy id wa st gu                 UTC
 3  0      0 2800908  25500 441784    0    0     0     0 40221 6855 53 30 17  0  0  0 2026-09-21 22:58:30
 2  0      0 2798716  25500 442276    0    0     0     0 39775 4739 56 35 10  0  0  0 2026-09-21 22:58:31
 4  0      0 2796164  25500 442700    0    0     0  3884 38571 7175 48 33 19  0  0  0 2026-09-21 22:58:32
 3  0      0 2797140  25500 443256    0    0     0     4 39190 5639 52 36 13  0  0  0 2026-09-21 22:58:33
 3  0      0 2792948  25500 443568    0    0     0     0 38256 5541 53 35 12  0  0  0 2026-09-21 22:58:34
 4  0      0 2792992  25500 444148    0    0     0     0 39632 5546 51 37 13  0  0  0 2026-09-21 22:58:35
 2  0      0 2792424  25500 444352    0    0     0     0 36141 5847 50 36 14  0  0  0 2026-09-21 22:58:36
 3  0      0 2793412  25500 444908    0    0     0  3400 40563 8684 46 34 20  0  0  0 2026-09-21 22:58:37
 3  0      0 2790536  25500 445024    0    0     0     0 39557 5414 54 36 10  0  0  0 2026-09-21 22:58:38
 2  0      0 2790048  25500 445564    0    0     0     0 36341 8539 42 32 26  0  0  0 2026-09-21 22:58:39
 2  0      0 2789280  25500 445996    0    0     0   376 40728 5407 53 34 13  0  0  0 2026-09-21 22:58:40
 2  0      0 2788556  25500 446424    0    0     0     0 40373 4863 49 40 11  0  0  0 2026-09-21 22:58:41
 1  0      0 2788064  25508 446640    0    0     0    48 34786 9968 36 31 33  0  0  0 2026-09-21 22:58:42
 2  0      0 2787572  25508 446968    0    0     0     0 38998 11736 35 34 31  0  0  0 2026-09-21 22:58:43
 2  0      0 2787320  25508 447004    0    0     0     0 41935 7447 45 39 16  0  0  0 2026-09-21 22:58:44
 0  0      0 2787084  25508 447300    0    0     0     0 38755 8818 42 32 26  0  0  0 2026-09-21 22:58:45
 2  0      0 2786420  25508 447436    0    0     0     0 39894 2851 52 43  5  0  0  0 2026-09-21 22:58:46
 4  0      0 2786140  25508 447648    0    0     0     0 40834 6208 47 38 15  0  0  0 2026-09-21 22:58:47
 2  0      0 2785916  25508 447756    0    0     0     0 40962 8538 40 40 20  0  0  0 2026-09-21 22:58:48
 2  0      0 2785596  25508 447980    0    0     0     0 37048 10495 39 31 30  0  0  0 2026-09-21 22:58:49
 1  0      0 2785364  25508 448220    0    0     0     0 38209 8671 41 35 25  0  0  0 2026-09-21 22:58:50
procs -----------memory---------- ---swap-- -----io---- -system-- -------cpu------- -----timestamp-----
 r  b   swpd   free   buff  cache   si   so    bi    bo   in   cs us sy id wa st gu                 UTC
 2  0      0 2784848  25508 448504    0    0     0     0 41807 2710 52 44  5  0  0  0 2026-09-21 22:58:51
 2  0      0 2784640  25508 448540    0    0     0    24 38642 8358 42 39 19  0  0  0 2026-09-21 22:58:52
 2  0      0 2784148  25508 448648    0    0     0     0 40015 8422 41 40 18  0  0  0 2026-09-21 22:58:53
 3  0      0 2783440  25508 449020    0    0     0     0 35559 7626 41 36 23  0  0  0 2026-09-21 22:58:54
 1  0      0 2782416  25508 449232    0    0     0     0 36345 6854 45 33 21  0  0  0 2026-09-21 22:58:55
 2  0      0 2782192  25508 449236    0    0     0     0 39419 3314 50 44  7  0  0  0 2026-09-21 22:58:56
 2  0      0 2781776  25508 449564    0    0     0     0 38322 8305 38 40 22  0  0  0 2026-09-21 22:58:57
 2  0      0 2781424  25508 449688    0    0     0     0 38455 9935 38 33 30  0  0  0 2026-09-21 22:58:58
 1  0      0 2780668  25508 449708    0    0     0     0 41867 9308 42 35 23  0  0  0 2026-09-21 22:58:59
 0  0      0 2780492  25508 449960    0    0     0     0 41792 5019 46 46  9  0  0  0 2026-09-21 22:59:00
 2  0      0 2778992  25516 449940    0    0     0    48 42483 10343 42 36 22  0  0  0 2026-09-21 22:59:01
 2  0      0 2778696  25516 450272    0    0     0     0 36478 10647 36 33 32  0  0  0 2026-09-21 22:59:02
 0  0      0 2777644  25516 450436    0    0     0     0 39596 6409 43 38 19  0  0  0 2026-09-21 22:59:03
 2  0      0 2777428  25516 450608    0    0     0     0 41275 5752 45 41 14  0  0  0 2026-09-21 22:59:04
 2  0      0 2777124  25516 450784    0    0     0     0 38419 11044 36 31 33  0  0  0 2026-09-21 22:59:05
 1  0      0 2777124  25516 450808    0    0     0     0 40040 7970 43 39 18  0  0  0 2026-09-21 22:59:06
 1  0      0 2776928  25516 450812    0    0     0     0 41751 2894 50 48  3  0  0  0 2026-09-21 22:59:07
 2  0      0 2776676  25516 450828    0    0     0     0 39382 9143 37 35 28  0  0  0 2026-09-21 22:59:08
 2  0      0 2776624  25516 450844    0    0     0     0 39655 11485 36 33 31  0  0  0 2026-09-21 22:59:09
 2  0      0 2776144  25516 451212    0    0     0     0 39060 8040 37 39 23  0  0  0 2026-09-21 22:59:10
 2  0      0 2775744  25516 451396    0    0     0   528 41436 7802 40 42 19  0  0  0 2026-09-21 22:59:11
procs -----------memory---------- ---swap-- -----io---- -system-- -------cpu------- -----timestamp-----
 r  b   swpd   free   buff  cache   si   so    bi    bo   in   cs us sy id wa st gu                 UTC
 2  0      0 2775440  25516 451412    0    0     0     0 35539 10905 32 33 35  0  0  0 2026-09-21 22:59:12
 0  0      0 2775388  25516 451440    0    0     0    16 7811 2761 14  3 83  0  0  0 2026-09-21 22:59:13
 0  0      0 2775388  25516 451456    0    0     0     0  259  138  0  1 100  0  0  0 2026-09-21 22:59:14
 0  0      0 2775388  25516 451456    0    0     0     0  233  121  0  0 100  0  0  0 2026-09-21 22:59:15
 0  0      0 2775388  25516 451456    0    0     0     0  303  162  0  0 100  0  0  0 2026-09-21 22:59:16
 0  0      0 2775388  25516 451456    0    0     0     0  229  113  0  0 100  0  0  0 2026-09-21 22:59:17
 4  0      0 2744584  25516 444496    0    0     0     8 11832 1673 61 18 22  0  0  0 2026-09-21 22:59:18
