procs -----------memory---------- ---swap-- -----io---- -system-- -------cpu------- -----timestamp-----
 r  b   swpd   free   buff  cache   si   so    bi    bo   in   cs us sy id wa st gu                 UTC
 1  0      0 1196588 103128 1305576    0    0    71  3378 6109   32 25  5 68  2  0  0 2026-09-21 18:15:46
 0  0      0 1196588 103128 1305548    0    0     0     0  356  571  0  0 99  0  0  0 2026-09-21 18:15:47
 1  0      0 1291180 103128 1205384    0    0     0 20000 4938 9164 11  2 53 35  0  0 2026-09-21 18:15:48
 0  0      0 1271860 103128 1222728    0    0     0 32888 4287 8101 24  3 43 30  0  0 2026-09-21 18:15:49
 0  0      0 1271860 103128 1222944    0    0     0  1728 3036 4003  4  2 92  3  0  0 2026-09-21 18:15:50
 0  0      0 1271860 103128 1223036    0    0     0  1636 1992 3243  2  1 95  3  0  0 2026-09-21 18:15:51
 0  0      0 1271860 103128 1223184    0    0     0  1564 3057 4593  3  1 93  3  0  0 2026-09-21 18:15:52
 3  0      0 1271860 103128 1223420    0    0     0  1604 3646 5122  4  1 92  3  0  0 2026-09-21 18:15:53
 0  0      0 1271860 103128 1223664    0    0     0  1476 3834 5488  4  2 92  3  0  0 2026-09-21 18:15:54
 0  0      0 1270836 103128 1225064    0    0     0  2680 4328 6038  5  2 90  3  0  0 2026-09-21 18:15:55
 0  0      0 1270836 103128 1225512    0    0     0  1940 5478 7183  6  2 89  3  0  0 2026-09-21 18:15:56
 0  0      0 1270836 103128 1225996    0    0     0  1816 5401 7450  8  3 87  3  0  0 2026-09-21 18:15:57
 1  0      0 1270836 103128 1226564    0    0     0  2016 7028 8759 10  3 84  3  0  0 2026-09-21 18:15:58
 4  0      0 1270836 103128 1227380    0    0     0  1892 7313 9350 12  3 82  4  0  0 2026-09-21 18:15:59
 1  0      0 1270836 103128 1228336    0    0     0  2204 9180 11300 14  6 77  3  0  0 2026-09-21 18:16:00
 1  0      0 1269336 103128 1229484    0    0     0  2360 9874 11877 18  5 73  3  0  0 2026-09-21 18:16:01
 5  0      0 1269084 103128 1230892    0    0     0  2736 12478 14529 23  7 66  4  0  0 2026-09-21 18:16:02
11  0      0 1268140 103128 1232752    0    0     0  3560 13761 16926 31  8 58  3  0  0 2026-09-21 18:16:03
 2  0      0 1267332 103128 1234912    0    0     0  4840 16007 18551 38 10 48  5  0  0 2026-09-21 18:16:04
28  0      0 1250524 103128 1252316    0    0     0 21028 16706 19633 34 12 46  7  0  0 2026-09-21 18:16:05
11  1      0 1247684 103128 1255676    0    0     0  5792 17715 17946 46 11 38  5  0  0 2026-09-21 18:16:06
procs -----------memory---------- ---swap-- -----io---- -system-- -------cpu------- -----timestamp-----
 r  b   swpd   free   buff  cache   si   so    bi    bo   in   cs us sy id wa st gu                 UTC
11  0      0 1244880 103128 1259720    0    0     0 10496 20794 24854 75 12 10  3  0  0 2026-09-21 18:16:07
 4  0      0 1240100 103128 1263880    0    0     0 10288 19562 21946 63 13 21  3  0  0 2026-09-21 18:16:08
 5  0      0 1236808 103128 1267272    0    0     0 22268 20534 24137 67 13 14  7  0  0 2026-09-21 18:16:09
30  0      0 1227624 103128 1276628    0    0     0 16432 18891 20738 57 12 23  8  0  0 2026-09-21 18:16:10
14  0      0 1222820 103128 1280896    0    0     0  9188 22193 27066 73 16  9  3  0  0 2026-09-21 18:16:11
 0  0      0 1220804 103128 1282952    0    0     0  8516 16617 19823 58 11 29  3  0  0 2026-09-21 18:16:12
 6  0      0 1215212 103128 1288716    0    0     0 12432 21862 24428 65 17 11  7  1  0 2026-09-21 18:16:13
 6  0      0 1212224 103128 1291876    0    0     0  7112 19512 22830 63 13 23  2  0  0 2026-09-21 18:16:14
 6  0      0 1210156 103128 1293996    0    0     0  7968 18085 21450 63 13 20  4  0  0 2026-09-21 18:16:15
44  0      0 1206532 103128 1297588    0    0     0  8164 16104 18024 44 11 43  3  0  0 2026-09-21 18:16:16
 2  0      0 1194520 103128 1309108    0    0     0 17156 15797 15650 60 13 23  5  0  0 2026-09-21 18:16:17
15  0      0 1190204 103128 1313580    0    0     0 10908 18108 20526 56 14 25  5  0  0 2026-09-21 18:16:18
 4  0      0 1186964 103128 1316776    0    0     0 52820 17565 17685 60 13 24  3  0  0 2026-09-21 18:16:19
 7  0      0 1184644 103128 1319008    0    0     0  9120 15397 17919 46 11 33 11  0  0 2026-09-21 18:16:20
 0  0      0 1181660 103128 1321308    0    0     0 10420 16916 17819 57 13 28  2  0  0 2026-09-21 18:16:21
 3  0      0 1178120 103128 1324812    0    0     0  9064 21050 24223 68 15 11  7  0  0 2026-09-21 18:16:22
22  0      0 1175852 103128 1326924    0    0     0  9528 14738 17505 52 11 27 10  0  0 2026-09-21 18:16:23
 0  0      0 1171356 103128 1330432    0    0     0 11296 17523 20077 52 15 25  9  0  0 2026-09-21 18:16:24
 0  0      0 1168128 103128 1333652    0    0     0  9124 14825 16153 49 12 32  7  0  0 2026-09-21 18:16:25
 1  0      0 1165288 103128 1336724    0    0     0 10664 15733 18150 42 10 39  9  0  0 2026-09-21 18:16:26
 2  0      0 1160720 103128 1341192    0    0     0 12796 17600 17044 59 13 24  5  0  0 2026-09-21 18:16:27
procs -----------memory---------- ---swap-- -----io---- -system-- -------cpu------- -----timestamp-----
 r  b   swpd   free   buff  cache   si   so    bi    bo   in   cs us sy id wa st gu                 UTC
 2  0      0 1158704 103128 1343448    0    0     0  8168 14536 16171 49 12 32  9  0  0 2026-09-21 18:16:28
 0  0      0 1156688 103128 1345732    0    0     0  9964 16120 16777 50 11 33  6  0  0 2026-09-21 18:16:29
 4  0      0 1152624 103128 1349896    0    0     0 13860 16059 17777 46 11 33 10  0  0 2026-09-21 18:16:30
117  0      0 1150356 103128 1352316    0    0     0  9396 17010 17476 46 13 34  7  0  0 2026-09-21 18:16:31
50  0      0 1147368 103128 1355396    0    0     0 10728 15139 15355 53 12 32  4  0  0 2026-09-21 18:16:32
111  0      0 1145364 103128 1357328    0    0     0 10352 13946 13771 49 11 37  3  0  0 2026-09-21 18:16:33
 0  0      0 1140748 103128 1361808    0    0     0 10976 18112 21018 64 12 23  2  0  0 2026-09-21 18:16:34
 1  0      0 1137960 103128 1364948    0    0     0 10820 16217 17256 44 11 36 10  0  0 2026-09-21 18:16:35
 2  0      0 1135692 103128 1367372    0    0     0 10816 15324 16722 51 12 27 10  0  0 2026-09-21 18:16:36
 0  0      0 1133424 103128 1369596    0    0     0  9304 15363 15817 51 10 30  9  0  0 2026-09-21 18:16:37
 3  0      0 1130648 103128 1372600    0    0     0 10920 14372 14689 49 11 32  9  0  0 2026-09-21 18:16:38
 0  0      0 1124540 103128 1378652    0    0     0 14460 14325 14435 51 11 31  8  0  0 2026-09-21 18:16:39
 2  0      0 1122500 103128 1380556    0    0     0  7748 13763 14172 37 10 40 12  0  0 2026-09-21 18:16:40
 1  0      0 1119472 103128 1383612    0    0     0 11232 13850 15307 40 10 40 10  0  0 2026-09-21 18:16:41
23  0      0 1117508 103128 1385708    0    0     0  9344 15695 15419 47 11 34  7  0  0 2026-09-21 18:16:42
 1  0      0 1114416 103128 1389180    0    0     0 10620 15639 15804 55 13 30  3  0  0 2026-09-21 18:16:43
 0  0      0 1111376 103128 1392340    0    0     0 11500 15839 16192 45 12 31 13  0  0 2026-09-21 18:16:44
 0  0      0 1109612 103128 1394264    0    0     0  9024 13303 12857 44 10 35 11  0  0 2026-09-21 18:16:45
 0  0      0 1107600 103128 1396180    0    0     0  9392 13153 14034 41 10 39 10  0  0 2026-09-21 18:16:46
 1  0      0 1104560 103128 1399484    0    0     0 11960 16024 16053 60 13 18 10  0  0 2026-09-21 18:16:47
16  0      0 1102140 103128 1402012    0    0     0  9964 11055 12114 34  8 52  6  0  0 2026-09-21 18:16:48
procs -----------memory---------- ---swap-- -----io---- -system-- -------cpu------- -----timestamp-----
 r  b   swpd   free   buff  cache   si   so    bi    bo   in   cs us sy id wa st gu                 UTC
18  0      0 1100272 103128 1404232    0    0     0 10232 15576 17049 43 10 41  6  0  0 2026-09-21 18:16:49
 0  0      0 1095956 103128 1408676    0    0     0 79312 16894 15887 50 13 26 11  0  0 2026-09-21 18:16:50
 0  0      0 1088788 103128 1416124    0    0     0 18084 2574 4266  1  2 79 18  0  0 2026-09-21 18:16:51
 0  0      0 1088788 103128 1416128    0    0     0  8072  968 1973  1  1 84 15  0  0 2026-09-21 18:16:52
 0  0      0 1088788 103128 1416128    0    0     0  7396  893 1789  0  1 84 15  0  0 2026-09-21 18:16:53
 0  0      0 1088788 103128 1416128    0    0     0  7504  868 1758  1  0 86 14  0  0 2026-09-21 18:16:54
 2  0      0 1086636 103128 1416132    0    0     0  7552  941 1834  1  1 84 15  0  0 2026-09-21 18:16:55
