procs -----------memory---------- ---swap-- -----io---- -system-- -------cpu------- -----timestamp-----
 r  b   swpd   free   buff  cache   si   so    bi    bo   in   cs us sy id wa st gu                 UTC
 0  0      0 15166036  19152 360376    0    0   185   108 23859   18 15  3 82  0  0  0 2026-09-21 18:15:46
 0  0      0 15142264  19152 360392    0    0     0     0 2865 2640  2  1 98  0  0  0 2026-09-21 18:15:47
 0  0      0 15148144  19152 360392    0    0     0     0   70   63  0  0 100  0  0  0 2026-09-21 18:15:48
 1  0      0 15149064  19152 360392    0    0     0     0 8210 10870  1  1 98  0  0  0 2026-09-21 18:15:49
 0  0      0 15144952  19152 360392    0    0     0     0 4915 6257  1  0 98  0  0  0 2026-09-21 18:15:50
 6  0      0 15135792  19152 360392    0    0     0     0 8943 11662  2  1 97  0  0  0 2026-09-21 18:15:51
 0  0      0 15110932  19152 360392    0    0     0     0 12542 15870  6  1 93  0  0  0 2026-09-21 18:15:52
 0  0      0 15106144  19152 360296    0    0     0     0 15009 17606  7  1 92  0  0  0 2026-09-21 18:15:53
 2  0      0 15088252  19152 360296    0    0     0     0 15858 19459  7  1 92  0  0  0 2026-09-21 18:15:54
 0  0      0 15055892  19152 360296    0    0     0     0 17996 21765  7  1 92  0  0  0 2026-09-21 18:15:55
 0  0      0 15021408  19152 360296    0    0     0     0 21898 25763 10  2 88  0  0  0 2026-09-21 18:15:56
 0  0      0 14981088  19152 360296    0    0     0     0 25863 30208 10  2 88  0  0  0 2026-09-21 18:15:57
 2  0      0 14934216  19152 360136    0    0     0     0 29558 33509 13  2 85  0  0  0 2026-09-21 18:15:58
 2  0      0 14873988  19152 360136    0    0     0     0 38814 39740 17  3 80  0  0  0 2026-09-21 18:15:59
 0  0      0 14795364  19152 360232    0    0     0     0 41506 43503 18  3 79  0  0  0 2026-09-21 18:16:00
 0  0      0 14631220  19152 360232    0    0     0     0 49520 46431 26  5 69  0  0  0 2026-09-21 18:16:01
 0  0      0 14578808  19168 360404    0    0     0  7320 54763 51825 24  5 70  0  0  0 2026-09-21 18:16:02
 8  0      0 14348760  19168 360496    0    0     0    40 67869 52427 39  7 54  0  0  0 2026-09-21 18:16:03
 9  0      0 14132980  19168 360776    0    0     0     0 71034 57156 37  7 55  0  0  0 2026-09-21 18:16:04
 0  0      0 13855132  19168 360964    0    0     0     0 80064 48044 50 10 40  0  0  0 2026-09-21 18:16:05
 8  0      0 13708220  19168 361240    0    0     0     0 77203 49404 50  9 42  0  0  0 2026-09-21 18:16:06
procs -----------memory---------- ---swap-- -----io---- -system-- -------cpu------- -----timestamp-----
 r  b   swpd   free   buff  cache   si   so    bi    bo   in   cs us sy id wa st gu                 UTC
 1  0      0 13398004  19168 361504    0    0     0     0 80094 44497 55 10 35  0  0  0 2026-09-21 18:16:07
 4  0      0 13161908  19168 361712    0    0     0     0 79202 54657 47  9 44  0  0  0 2026-09-21 18:16:08
 1  0      0 12848432  19168 361912    0    0     0     0 80437 38068 57 10 33  0  0  0 2026-09-21 18:16:09
 1  0      0 12688732  19168 362224    0    0     0     0 77780 47401 49  9 42  0  0  0 2026-09-21 18:16:10
 2  0      0 12407084  19168 362528    0    0     0     0 82595 42024 55 10 35  0  0  0 2026-09-21 18:16:11
 8  0      0 12257728  19168 362720    0    0     0     0 81700 45254 53  9 37  0  0  0 2026-09-21 18:16:12
 0  0      0 11966428  19168 362856    0    0     0     0 82075 41368 56 10 34  0  0  0 2026-09-21 18:16:13
 5  0      0 11595808  19168 363064    0    0     0     0 86708 44295 53 11 37  0  0  0 2026-09-21 18:16:14
10  0      0 11593368  19168 363260    0    0     0     0 79074 54552 44  8 47  0  0  0 2026-09-21 18:16:15
 2  0      0 11412728  19168 363548    0    0     0     0 82601 41249 58  9 33  0  0  0 2026-09-21 18:16:16
 5  0      0 10972072  19168 363784    0    0     0  1312 87321 38665 58 11 32  0  0  0 2026-09-21 18:16:17
 8  0      0 10792268  19168 363812    0    0     0     0 83188 47408 51 10 39  0  0  0 2026-09-21 18:16:18
 3  0      0 10446484  19168 364080    0    0     0     0 85754 40799 55 10 35  0  0  0 2026-09-21 18:16:19
 5  0      0 10161524  19168 364296    0    0     0     0 85602 36779 61 10 29  0  0  0 2026-09-21 18:16:20
 1  0      0 10160824  19168 364432    0    0     0     0 79099 53084 48  8 44  0  0  0 2026-09-21 18:16:21
 3  0      0 9916740  19168 364588    0    0     0     0 83629 33144 63 10 27  0  0  0 2026-09-21 18:16:22
 8  0      0 9916040  19168 364812    0    0     0     0 85450 57747 46  8 45  0  0  0 2026-09-21 18:16:23
 1  0      0 9568820  19168 365060    0    0     0     0 80199 30966 66 10 24  0  0  0 2026-09-21 18:16:24
 3  0      0 9567896  19168 365060    0    0     0     0 80467 53066 46  8 46  0  0  0 2026-09-21 18:16:25
10  0      0 9081196  19168 365296    0    0     0     0 86872 24968 69 11 20  0  0  0 2026-09-21 18:16:26
 4  0      0 9079516  19168 365512    0    0     0     0 79305 49902 48  8 44  0  0  0 2026-09-21 18:16:27
procs -----------memory---------- ---swap-- -----io---- -system-- -------cpu------- -----timestamp-----
 r  b   swpd   free   buff  cache   si   so    bi    bo   in   cs us sy id wa st gu                 UTC
 5  0      0 9006976  19168 365540    0    0     0     0 74100 27212 70  9 22  0  0  0 2026-09-21 18:16:28
 9  0      0 9006052  19168 365796    0    0     0     0 80690 51568 50 10 40  0  0  0 2026-09-21 18:16:29
 9  0      0 8774212  19168 365900    0    0     0     0 76959 26808 70 10 20  0  0  0 2026-09-21 18:16:30
 1  0      0 8773288  19168 366160    0    0     0     0 78678 49170 50  9 41  0  0  0 2026-09-21 18:16:31
 4  0      0 8271704  19176 366180    0    0     0    28 83743 20343 72 12 16  0  0  0 2026-09-21 18:16:32
 8  0      0 8270752  19176 366472    0    0     0     0 78514 48103 50  9 41  0  0  0 2026-09-21 18:16:33
 8  0      0 7868620  19176 366496    0    0     0     0 76791 21198 71 11 18  0  0  0 2026-09-21 18:16:34
 8  0      0 7820164  19176 366496    0    0     0     0 85880 52126 49 10 41  0  0  0 2026-09-21 18:16:35
 4  0      0 7819036  19176 366612    0    0     0     0 77568 48959 50  9 41  0  0  0 2026-09-21 18:16:36
 2  0      0 7308020  19176 367108    0    0     0     0 78188 13049 80 11  9  0  0  0 2026-09-21 18:16:37
 9  0      0 7307096  19176 367408    0    0     0     0 73584 41254 58  8 34  0  0  0 2026-09-21 18:16:38
 8  0      0 6663344  19176 367444    0    0     0     0 64660 18763 72 11 18  0  0  0 2026-09-21 18:16:39
 8  0      0 6574588  19176 367444    0    0     0     0 86002 49812 53 10 37  0  0  0 2026-09-21 18:16:40
 9  0      0 6574336  19176 367480    0    0     0     0 79093 45307 55  8 37  0  0  0 2026-09-21 18:16:41
 6  0      0 6128128  19176 367720    0    0     0     0 87163 10211 82 11  6  0  0  0 2026-09-21 18:16:42
 9  0      0 6126868  19176 367776    0    0     0     0 73478 41315 56  7 37  0  0  0 2026-09-21 18:16:43
 8  0      0 6126104  19176 368060    0    0     0     0 69217 36070 61  7 32  0  0  0 2026-09-21 18:16:44
 6  0      0 6122632  19176 368060    0    0     0     0 62485 13246 82  7 11  0  0  0 2026-09-21 18:16:45
10  0      0 6122408  19176 368072    0    0     0     0 84988 55840 48  9 43  0  0  0 2026-09-21 18:16:46
 9  0      0 6122408  19176 368084    0    0     0     0 71843 40745 52  8 40  0  0  0 2026-09-21 18:16:47
 2  0      0 5676124  19176 368084    0    0     0     8 63405 11794 76  9 16  0  0  0 2026-09-21 18:16:48
procs -----------memory---------- ---swap-- -----io---- -system-- -------cpu------- -----timestamp-----
 r  b   swpd   free   buff  cache   si   so    bi    bo   in   cs us sy id wa st gu                 UTC
 1  0      0 5676124  19176 368088    0    0     0     0 74716 49086 42  8 50  0  0  0 2026-09-21 18:16:49
 0  0      0 5675900  19176 368256    0    0     0     0 46843 44685 12  4 85  0  0  0 2026-09-21 18:16:50
 0  0      0 5675900  19176 368256    0    0     0     0  921 1172  0  0 100  0  0  0 2026-09-21 18:16:51
 0  0      0 5675900  19176 368256    0    0     0     0 1294 1690  0  0 100  0  0  0 2026-09-21 18:16:52
 0  0      0 5675900  19176 368256    0    0     0     0 1134 1411  0  0 100  0  0  0 2026-09-21 18:16:53
 1  0      0 5675900  19176 368256    0    0     0     0 1089 1523  0  0 100  0  0  0 2026-09-21 18:16:54
 1  0      0 15096740  19184 360292    0    0     0    28 24935 1297  3  8 89  0  0  0 2026-09-21 18:16:55
