procs -----------memory---------- ---swap-- -----io---- -system-- -------cpu------- -----timestamp-----
 r  b   swpd   free   buff  cache   si   so    bi    bo   in   cs us sy id wa st gu                 UTC
 2  0      0 3206104  21896 351424    0    0 19007   742 2931   20 20 23 48  7  1  0 2026-09-21 18:51:20
 0  0      0 3210344  21896 351756    0    0   100     0  984 1293  3  2 96  0  0  0 2026-09-21 18:51:23
 1  0      0 3208744  22116 354820    0    0  3224     0 1448 1543  8  4 88  2  0  0 2026-09-21 18:51:24
 0  0      0 3208308  22116 354860    0    0    40     0 1305 1318  5  3 92  0  0  0 2026-09-21 18:51:25
 0  0      0 3211524  22116 354956    0    0    16     0 3907 4983  4  3 93  1  0  0 2026-09-21 18:51:26
 1  0      0 3216340  22116 355032    0    0    72     0 3142 3946  3  3 94  0  0  0 2026-09-21 18:51:27
 0  0      0 3258884  22116 355080    0    0    32     0 5586 6513  4  4 92  0  0  0 2026-09-21 18:51:28
 0  0      0 3265028  22116 355084    0    0     0     0 6806 7809  5  3 92  0  0  0 2026-09-21 18:51:29
 1  0      0 3269096  22116 355120    0    0     0     0 8872 10594  6  6 89  0  0  0 2026-09-21 18:51:30
 0  0      0 3270968  22116 355144    0    0     0     0 9746 11756  8  6 86  0  0  0 2026-09-21 18:51:31
 0  0      0 3271764  22116 355164    0    0     0     0 12013 14279  8  7 86  0  0  0 2026-09-21 18:51:32
 0  0      0 3273368  22116 355256    0    0     0     0 14299 16561  9  6 85  0  0  0 2026-09-21 18:51:33
 1  0      0 3275100  22116 355276    0    0     0     0 15724 17688 11  9 81  0  0  0 2026-09-21 18:51:34
 2  0      0 3272884  22116 355352    0    0     0     0 16819 18175 13 10 78  0  0  0 2026-09-21 18:51:35
 1  0      0 3268064  22116 355452    0    0     0     0 22916 24419 15 12 73  0  0  0 2026-09-21 18:51:36
 3  0      0 3261868  22116 355608    0    0     0     0 27128 27601 20 12 68  0  0  0 2026-09-21 18:51:37
 2  0      0 3256568  22116 355728    0    0     0     0 30819 30916 23 14 63  0  0  0 2026-09-21 18:51:38
 1  0      0 3244832  22116 355980    0    0     0     0 34342 34980 27 18 55  0  0  0 2026-09-21 18:51:39
 4  0      0 3236080  22116 356200    0    0     0     0 38138 37088 31 19 50  0  0  0 2026-09-21 18:51:40
 3  0      0 3225856  22116 356388    0    0     0     0 39046 37198 33 18 48  0  0  0 2026-09-21 18:51:41
 3  0      0 3217680  22116 356620    0    0     0     4 40215 37122 34 21 45  0  0  0 2026-09-21 18:51:42
procs -----------memory---------- ---swap-- -----io---- -system-- -------cpu------- -----timestamp-----
 r  b   swpd   free   buff  cache   si   so    bi    bo   in   cs us sy id wa st gu                 UTC
 3  0      0 3204412  22120 356840    0    0     0   116 36779 34186 35 20 45  0  0  0 2026-09-21 18:51:43
 7  0      0 3198176  22120 357000    0    0     0     0 38422 34838 34 20 46  0  0  0 2026-09-21 18:51:44
 3  0      0 3187088  22120 357236    0    0     0     0 37430 33564 36 21 43  0  0  0 2026-09-21 18:51:45
 3  0      0 3173768  22120 357584    0    0     0  3844 38946 31256 36 21 42  0  0  0 2026-09-21 18:51:46
 4  0      0 3158620  22124 357740    0    0     0   204 39058 28618 42 22 37  0  0  0 2026-09-21 18:51:47
 2  0      0 3152600  22124 357948    0    0    16     0 39031 29869 39 22 39  0  0  0 2026-09-21 18:51:48
 2  0      0 3137536  22124 358244    0    0     0     8 35627 24733 42 22 36  0  0  0 2026-09-21 18:51:49
 0  1      0 3128804  22136 358384    0    0     0   244 38069 30067 38 23 39  0  0  0 2026-09-21 18:51:50
 3  0      0 3121660  22136 358624    0    0     0  7420 40048 26905 43 24 33  0  0  0 2026-09-21 18:51:51
 2  0      0 3108856  22136 358860    0    0     0     0 38516 27597 42 22 35  0  0  0 2026-09-21 18:51:52
 1  0      0 3098112  22136 358992    0    0     0     0 36161 21914 47 24 29  0  0  0 2026-09-21 18:51:53
 2  0      0 3085620  22136 359072    0    0     0    12 36401 20453 50 24 26  0  0  0 2026-09-21 18:51:54
 3  0      0 3076248  22136 359412    0    0     0     4 37528 20836 51 23 26  0  0  0 2026-09-21 18:51:55
 5  0      0 3066256  22136 359728    0    0     0     0 38628 23920 48 22 29  0  0  0 2026-09-21 18:51:56
 0  0      0 3056232  22136 359732    0    0     0     0 37006 17363 54 24 23  0  0  0 2026-09-21 18:51:57
 1  0      0 3047772  22136 359944    0    0     0     0 36542 16977 53 25 22  0  0  0 2026-09-21 18:51:58
 3  0      0 3045900  22136 360240    0    0     0     0 37530 18926 52 25 23  0  0  0 2026-09-21 18:51:59
 2  0      0 3039328  22136 360240    0    0     0     0 35491 20563 49 23 28  0  0  0 2026-09-21 18:52:00
 1  0      0 3031572  22136 360332    0    0     0     0 37647 17354 56 24 20  0  0  0 2026-09-21 18:52:01
 3  0      0 3027276  22136 360676    0    0     0     0 34936 14280 55 27 18  0  0  0 2026-09-21 18:52:02
 2  0      0 3012156  22136 360684    0    0     8     0 37893 20127 51 22 27  0  0  0 2026-09-21 18:52:03
procs -----------memory---------- ---swap-- -----io---- -system-- -------cpu------- -----timestamp-----
 r  b   swpd   free   buff  cache   si   so    bi    bo   in   cs us sy id wa st gu                 UTC
 1  0      0 3008736  22136 360684    0    0     0     0 36274 13275 56 26 18  0  0  0 2026-09-21 18:52:04
 4  0      0 3006192  22136 360972    0    0     0     0 38288 17425 55 24 22  0  0  0 2026-09-21 18:52:05
 2  0      0 2997688  22136 360972    0    0     0     0 35295 16355 56 23 22  0  0  0 2026-09-21 18:52:06
 2  0      0 2992280  22136 361072    0    0     0     0 34762 10254 59 26 14  0  0  0 2026-09-21 18:52:07
 2  0      0 2990532  22136 361116    0    0     0     0 39794 20337 50 25 25  0  0  0 2026-09-21 18:52:08
 2  0      0 2989032  22136 361172    0    0     0     0 38254 21286 52 22 26  0  0  0 2026-09-21 18:52:09
 2  0      0 2983080  22136 361464    0    0     0     0 36479 6050 64 28  8  0  0  0 2026-09-21 18:52:10
 1  0      0 2980952  22136 361464    0    0     0     0 35141 17188 53 22 26  0  0  0 2026-09-21 18:52:11
 2  0      0 2967152  22136 361612    0    0     0     0 35325 11879 59 27 14  0  0  0 2026-09-21 18:52:12
 2  0      0 2965640  22136 361708    0    0     0     0 35081 18328 54 23 23  0  0  0 2026-09-21 18:52:13
 2  0      0 2963404  22136 361708    0    0     0     0 37500 19312 52 24 24  0  0  0 2026-09-21 18:52:14
 2  0      0 2959876  22136 361708    0    0     0     0 40326 10130 62 26 12  0  0  0 2026-09-21 18:52:15
 3  0      0 2958656  22136 361888    0    0     0     0 36119 22856 49 22 28  0  0  0 2026-09-21 18:52:16
 2  0      0 2955660  22136 362016    0    0     0  2844 38656 13827 62 25 13  0  0  0 2026-09-21 18:52:17
 2  0      0 2950816  22136 362016    0    0     0     8 37112 18432 56 21 23  0  0  0 2026-09-21 18:52:18
 2  0      0 2935916  22136 362056    0    0     0     0 35483 8181 66 24 10  0  0  0 2026-09-21 18:52:19
 2  1      0 2932720  22144 362048    0    0     0    48 35993 14141 54 25 22  0  0  0 2026-09-21 18:52:20
 1  0      0 2927092  22144 362196    0    0     0     0 37488 23302 48 23 29  0  0  0 2026-09-21 18:52:21
 3  0      0 2925192  22144 362532    0    0     0   141 36031 8863 63 26 10  1  0  0 2026-09-21 18:52:22
 2  0      0 2924976  22144 362512    0    0     0     0 36730 23014 48 21 31  0  0  0 2026-09-21 18:52:23
 4  0      0 2918452  22144 362632    0    0     0     0 37363 9339 62 28  9  0  0  0 2026-09-21 18:52:24
procs -----------memory---------- ---swap-- -----io---- -system-- -------cpu------- -----timestamp-----
 r  b   swpd   free   buff  cache   si   so    bi    bo   in   cs us sy id wa st gu                 UTC
 3  0      0 2904508  22144 362632    0    0     0    24 31104 11242 61 21 18  0  0  0 2026-09-21 18:52:25
 2  0      0 2903160  22144 362632    0    0     0     0 33834 19737 45 21 34  0  0  0 2026-09-21 18:52:26
 0  0      0 2901900  22144 362632    0    0     0  1604 8206 11736 10  4 86  0  0  0 2026-09-21 18:52:27
 0  0      0 2901900  22144 362632    0    0     0     0  868 1035  2  2 96  0  0  0 2026-09-21 18:52:28
 0  0      0 2901900  22144 362632    0    0     0     0  765  991  2  1 97  0  0  0 2026-09-21 18:52:29
 0  0      0 2901900  22144 362632    0    0     0     0  864  993  2  2 96  0  0  0 2026-09-21 18:52:30
 6  0      0 2901200  22144 362632    0    0     0     0 10353 9204  6  8 87  0  0  0 2026-09-21 18:52:31
