procs -----------memory---------- ---swap-- -----io---- -system-- -------cpu------- -----timestamp-----
 r  b   swpd   free   buff  cache   si   so    bi    bo   in   cs us sy id wa st gu                 UTC
 1  0      0 1482836  83996 2046776    0    0   224   871  475    3  4  1 94  1  0  0 2026-09-21 16:38:16
 0  0      0 1484832  83996 2046760    0    0     0     0  169  211  0  1 100  0  0  0 2026-09-21 16:38:17
 0  0      0 1488812  83996 2046760    0    0     0     0   42   52  0  0 100  0  0  0 2026-09-21 16:38:18
 0  0      0 1492296  83996 2046760    0    0     0     0   40   60  0  0 100  0  0  0 2026-09-21 16:38:19
 0  0      0 1495344  83996 2046760    0    0     0     0   32   49  0  0 99  0  0  0 2026-09-21 16:38:20
 0  0      0 1498012  83996 2046760    0    0     0     0   39   46  0  0 100  0  0  0 2026-09-21 16:38:21
 0  0      0 1500344  83996 2046760    0    0     0     0   33   43  0  0 100  0  0  0 2026-09-21 16:38:22
 0  0      0 1500344  83996 2046760    0    0     0     0   34   33  0  0 100  0  0  0 2026-09-21 16:38:23
 0  0      0 1502384  83996 2046760    0    0     0     0   24   33  0  0 100  0  0  0 2026-09-21 16:38:24
 0  0      0 1504172  83996 2046760    0    0     0     0   65   66  0  0 100  0  0  0 2026-09-21 16:38:25
 0  0      0 1505736  83996 2046760    0    0     0     8   94   83  0  0 100  0  0  0 2026-09-21 16:38:26
 0  0      0 1507104  83996 2046760    0    0     0     0   62   72  0  0 100  0  0  0 2026-09-21 16:38:27
 0  0      0 1507340  83996 2046760    0    0     0     0   32   41  0  0 100  0  0  0 2026-09-21 16:38:28
 1  0      0 1507340  83996 2046760    0    0     0     0   37   41  0  0 100  0  0  0 2026-09-21 16:38:29
 1  0      0 1507340  83996 2046760    0    0     0    56   38   51  1  0 100  0  0  0 2026-09-21 16:38:30
 1  0      0 1507340  83996 2046760    0    0     0     0   29   42  0  0 100  0  0  0 2026-09-21 16:38:31
 1  0      0 1507340  83996 2046760    0    0     0     0   27   38  0  0 100  0  0  0 2026-09-21 16:38:32
 1  0      0 1507340  83996 2046760    0    0     0     0   36   45  0  0 100  0  0  0 2026-09-21 16:38:33
 1  0      0 1507340  83996 2046760    0    0     0     0   34   41  0  0 100  0  0  0 2026-09-21 16:38:34
 1  0      0 1507340  83996 2046760    0    0     0     0   40   46  0  0 100  0  0  0 2026-09-21 16:38:35
 1  0      0 1507340  83996 2046760    0    0     0     0   55   80  0  0 100  0  0  0 2026-09-21 16:38:36
procs -----------memory---------- ---swap-- -----io---- -system-- -------cpu------- -----timestamp-----
 r  b   swpd   free   buff  cache   si   so    bi    bo   in   cs us sy id wa st gu                 UTC
 1  0      0 1507340  83996 2046760    0    0     0     0   29   47  0  0 100  0  0  0 2026-09-21 16:38:37
 1  0      0 1507340  83996 2046760    0    0     0     0   40   39  0  0 100  0  0  0 2026-09-21 16:38:38
 1  0      0 1507340  83996 2046760    0    0     0     0   34   43  0  0 100  0  0  0 2026-09-21 16:38:39
 1  0      0 1507340  83996 2046760    0    0     0     0   26   36  0  0 100  0  0  0 2026-09-21 16:38:40
 1  0      0 1507340  83996 2046760    0    0     0     0   31   47  0  0 100  0  0  0 2026-09-21 16:38:41
 1  0      0 1507340  83996 2046760    0    0     0     0   36   43  0  0 100  0  0  0 2026-09-21 16:38:42
 0  0      0 1507340  83996 2046760    0    0     0     0   47   48  0  0 100  0  0  0 2026-09-21 16:38:43
 0  0      0 1507340  83996 2046760    0    0     0     0   29   37  0  0 100  0  0  0 2026-09-21 16:38:44
 0  0      0 1507340  83996 2046760    0    0     0     0   39   46  0  0 100  0  0  0 2026-09-21 16:38:45
 0  0      0 1507884  83996 2046760    0    0     0  8564  104  123  0  0 99  1  0  0 2026-09-21 16:38:46
 0  0      0 1507888  83996 2046760    0    0     0     8   49   47  0  1 100  0  0  0 2026-09-21 16:38:47
 0  0      0 1507888  83996 2046760    0    0     0     0   25   37  0  0 100  0  0  0 2026-09-21 16:38:48
 0  0      0 1507888  83996 2046760    0    0     0     0   38   45  0  0 100  0  0  0 2026-09-21 16:38:49
 0  0      0 1507888  83996 2046760    0    0     0     0   38   48  0  0 100  0  0  0 2026-09-21 16:38:50
 0  0      0 1507888  83996 2046764    0    0     0     0   35   37  0  0 100  0  0  0 2026-09-21 16:38:51
 0  0      0 1507888  83996 2046764    0    0     0     0   47   64  0  0 100  0  0  0 2026-09-21 16:38:52
 0  0      0 1507888  83996 2046764    0    0     0     0   42   47  0  0 100  0  0  0 2026-09-21 16:38:53
 0  0      0 1507888  83996 2046764    0    0     0     0   33   41  0  0 100  0  0  0 2026-09-21 16:38:54
 0  0      0 1507888  83996 2046768    0    0     0     0   34   40  0  0 100  0  0  0 2026-09-21 16:38:55
 0  0      0 1507888  83996 2046768    0    0     0     0   27   38  0  1 100  0  0  0 2026-09-21 16:38:56
 0  0      0 1507888  83996 2046768    0    0     0     0   40   47  0  0 100  0  0  0 2026-09-21 16:38:57
procs -----------memory---------- ---swap-- -----io---- -system-- -------cpu------- -----timestamp-----
 r  b   swpd   free   buff  cache   si   so    bi    bo   in   cs us sy id wa st gu                 UTC
 0  0      0 1507888  83996 2046768    0    0     0     0   40   47  0  0 100  0  0  0 2026-09-21 16:38:58
 0  0      0 1507888  84000 2046764    0    0     0    44   52   59  0  0 100  1  0  0 2026-09-21 16:38:59
 0  0      0 1507888  84000 2046768    0    0     0    48   37   44  0  0 100  0  0  0 2026-09-21 16:39:00
 0  0      0 1507432  84016 2046756    0    0     0    80  131  138  0  0 99  0  0  0 2026-09-21 16:39:01
 0  0      0 1507516  84016 2046768    0    0     0     0   35   45  0  0 100  0  0  0 2026-09-21 16:39:02
 0  0      0 1507516  84016 2046768    0    0     0     0   41   49  0  0 100  0  0  0 2026-09-21 16:39:03
 0  0      0 1507516  84016 2046768    0    0     0     0   34   41  0  0 100  0  0  0 2026-09-21 16:39:04
 0  0      0 1507516  84016 2046768    0    0     0     0   34   44  0  0 100  0  0  0 2026-09-21 16:39:05
 0  0      0 1507516  84016 2046768    0    0     0     0   44   47  0  0 100  0  0  0 2026-09-21 16:39:06
 0  0      0 1507516  84016 2046768    0    0     0     0   30   37  0  0 100  0  0  0 2026-09-21 16:39:07
 0  0      0 1507516  84016 2046768    0    0     0     0   36   42  0  0 100  0  0  0 2026-09-21 16:39:08
 0  0      0 1507516  84016 2046768    0    0     0     0   36   41  0  0 100  0  0  0 2026-09-21 16:39:09
 0  0      0 1507516  84016 2046768    0    0     0     0   43   44  0  0 100  0  0  0 2026-09-21 16:39:10
 0  0      0 1507516  84016 2046768    0    0     0     0   29   41  0  0 100  0  0  0 2026-09-21 16:39:11
 0  0      0 1507516  84016 2046768    0    0     0     0   32   39  0  0 100  0  0  0 2026-09-21 16:39:12
 0  0      0 1507516  84016 2046768    0    0     0     0   34   43  1  0 100  0  0  0 2026-09-21 16:39:13
 0  0      0 1507516  84016 2046768    0    0     0     0   44   45  0  0 100  0  0  0 2026-09-21 16:39:14
 0  0      0 1507516  84016 2046768    0    0     0     0   41   45  0  0 100  0  0  0 2026-09-21 16:39:15
 0  0      0 1507516  84016 2046768    0    0     0     0   28   44  0  0 100  0  0  0 2026-09-21 16:39:16
 0  0      0 1507516  84016 2046768    0    0     0     0   39   48  0  0 100  0  0  0 2026-09-21 16:39:17
 0  0      0 1507516  84016 2046768    0    0     0    16   61   58  0  0 100  0  0  0 2026-09-21 16:39:18
procs -----------memory---------- ---swap-- -----io---- -system-- -------cpu------- -----timestamp-----
 r  b   swpd   free   buff  cache   si   so    bi    bo   in   cs us sy id wa st gu                 UTC
 0  0      0 1507516  84016 2046768    0    0     0     0   36   44  1  0 100  0  0  0 2026-09-21 16:39:19
 0  0      0 1507516  84016 2046768    0    0     0     0   31   35  0  0 100  0  0  0 2026-09-21 16:39:20
 0  0      0 1507516  84016 2046768    0    0     0     0   35   48  0  0 100  0  0  0 2026-09-21 16:39:21
 0  0      0 1507516  84016 2046768    0    0     0     0   34   36  0  1 100  0  0  0 2026-09-21 16:39:22
 0  0      0 1507516  84016 2046768    0    0     0     0   30   37  0  0 100  0  0  0 2026-09-21 16:39:23
 0  0      0 1507516  84016 2046768    0    0     0     0   34   42  0  0 100  0  0  0 2026-09-21 16:39:24
 1  0      0 1481308  84016 2046772    0    0     0    48 1166 1267 14  4 82  0  0  0 2026-09-21 16:39:25
