procs -----------memory---------- ---swap-- -----io---- -system-- -------cpu------- -----timestamp-----
 r  b   swpd   free   buff  cache   si   so    bi    bo   in   cs us sy id wa st gu                 UTC
 0  0      0 6720256  34624 825000    0    0   128   195 5751   19  2  1 97  0  0  0 2026-09-21 16:38:17
 0  0      0 6716044  34624 825032    0    0     0     0 2202 2064  3  2 95  0  0  0 2026-09-21 16:38:18
 0  0      0 6716044  34624 825032    0    0     0     0   61   94  0  0 100  0  0  0 2026-09-21 16:38:19
 0  0      0 6713880  34624 825032    0    0     0     0 10626 13925  5  1 94  0  0  0 2026-09-21 16:38:20
 0  0      0 6711500  34624 825032    0    0     0     0 5543 8065  2  1 98  0  0  0 2026-09-21 16:38:21
 0  0      0 6708980  34624 825032    0    0     0     0 10797 15996  3  1 95  0  0  0 2026-09-21 16:38:22
 0  0      0 6699940  34624 825032    0    0     0     0 19644 28108  7  2 91  0  0  0 2026-09-21 16:38:23
 0  0      0 6690248  34624 825032    0    0     0     0 21144 29631  8  3 90  0  0  0 2026-09-21 16:38:24
 0  0      0 6681428  34624 825032    0    0     0     0 22273 30955  7  3 90  0  0  0 2026-09-21 16:38:25
 0  0      0 6666564  34624 825032    0    0     0     0 31340 42635 11  4 84  0  0  0 2026-09-21 16:38:26
 1  0      0 6648924  34624 825032    0    0     0     0 30605 42412 10  4 86  0  0  0 2026-09-21 16:38:27
 0  0      0 6631188  34624 825032    0    0     0     0 40097 52960 15  6 79  0  0  0 2026-09-21 16:38:28
 0  0      0 6619772  34624 825036    0    0     0     0 30772 42120 10  5 85  0  0  0 2026-09-21 16:38:29
 1  0      0 6605076  34624 825036    0    0     0     0 34566 46166 11  5 84  0  0  0 2026-09-21 16:38:30
 1  0      0 6582900  34624 825036    0    0     0     0 37497 49914 14  5 81  0  0  0 2026-09-21 16:38:31
 0  0      0 6581136  34624 825036    0    0     0     0 30934 42583 10  3 87  0  0  0 2026-09-21 16:38:32
 0  0      0 6552156  34624 825040    0    0     0     0 30203 37730 13  5 82  0  0  0 2026-09-21 16:38:33
 0  0      0 6551148  34624 825060    0    0     0     0 33263 45168 11  5 84  0  0  0 2026-09-21 16:38:34
 0  0      0 6533016  34624 825084    0    0     0     0 35528 45955 12  5 82  0  0  0 2026-09-21 16:38:35
 1  0      0 6522684  34624 825084    0    0     0     0 30768 39390 12  4 84  0  0  0 2026-09-21 16:38:36
 1  0      0 6521172  34624 825088    0    0     0     0 34320 44883 11  4 84  0  0  0 2026-09-21 16:38:37
procs -----------memory---------- ---swap-- -----io---- -system-- -------cpu------- -----timestamp-----
 r  b   swpd   free   buff  cache   si   so    bi    bo   in   cs us sy id wa st gu                 UTC
 1  0      0 6501332  34624 825108    0    0     0     8 33811 42769 13  5 81  0  0  0 2026-09-21 16:38:38
 1  0      0 6501012  34624 825112    0    0     0     0 31338 39744 11  4 84  0  0  0 2026-09-21 16:38:39
 0  0      0 6499500  34624 825168    0    0     0     0 37776 48182 14  5 81  0  0  0 2026-09-21 16:38:40
 1  0      0 6481424  34624 825184    0    0     0     0 31629 39687 13  4 83  0  0  0 2026-09-21 16:38:41
 0  0      0 6479592  34624 825188    0    0     0     0 32617 39832 12  4 84  0  0  0 2026-09-21 16:38:42
 0  0      0 6477828  34624 825204    0    0     0     0 33493 42271 11  4 85  0  0  0 2026-09-21 16:38:43
 0  0      0 6463968  34632 825264    0    0     0    48 35422 43297 14  6 80  0  0  0 2026-09-21 16:38:44
 1  0      0 6461448  34632 825268    0    0     0     0 43021 55182 16  6 78  0  0  0 2026-09-21 16:38:45
 5  0      0 6452376  34632 825288    0    0     0     0 40103 50744 14  6 81  0  0  0 2026-09-21 16:38:46
 1  0      0 6434736  34632 825324    0    0     0     0 47315 58348 20  7 73  0  0  0 2026-09-21 16:38:47
 0  0      0 6429192  34632 825364    0    0     0  7340 44478 56225 18  5 77  0  0  0 2026-09-21 16:38:48
 1  0      0 6395928  34632 825364    0    0     0     0 41229 50048 18  7 76  0  0  0 2026-09-21 16:38:49
 4  0      0 6394668  34632 825400    0    0     0     0 43541 52675 15  6 78  0  0  0 2026-09-21 16:38:50
 6  0      0 6375768  34632 825408    0    0     0     0 48071 58553 17  6 77  0  0  0 2026-09-21 16:38:51
 2  0      0 6346284  34632 825428    0    0     0     0 42736 50930 18  6 75  0  0  0 2026-09-21 16:38:52
 1  0      0 6343260  34632 825464    0    0     0     0 43075 52884 14  6 80  0  0  0 2026-09-21 16:38:53
 0  0      0 6342756  34632 825464    0    0     0     0 43494 54314 15  6 80  0  0  0 2026-09-21 16:38:54
 1  0      0 6312012  34632 825472    0    0     0     0 45666 54260 16  7 77  0  0  0 2026-09-21 16:38:55
 4  0      0 6298404  34632 825472    0    0     0     0 43015 50888 19  7 74  0  0  0 2026-09-21 16:38:56
 0  0      0 6297900  34632 825472    0    0     0     0 42308 51949 15  6 80  0  0  0 2026-09-21 16:38:57
 1  0      0 6296640  34632 825504    0    0     0     0 43003 52563 16  6 78  0  0  0 2026-09-21 16:38:58
procs -----------memory---------- ---swap-- -----io---- -system-- -------cpu------- -----timestamp-----
 r  b   swpd   free   buff  cache   si   so    bi    bo   in   cs us sy id wa st gu                 UTC
 0  0      0 6295632  34632 825508    0    0     0     0 44461 54910 15  6 78  0  0  0 2026-09-21 16:38:59
 0  0      0 6267912  34632 825556    0    0     0     0 42843 49603 20  7 73  0  0  0 2026-09-21 16:39:00
 2  0      0 6267912  34632 825556    0    0     0     0 41068 50148 13  6 81  0  0  0 2026-09-21 16:39:01
 0  0      0 6266148  34632 825588    0    0     0     0 45162 54602 16  7 77  0  0  0 2026-09-21 16:39:02
 0  0      0 6265392  34632 825588    0    0     0     0 44095 52993 17  6 78  0  0  0 2026-09-21 16:39:03
 0  0      0 6251788  34632 825588    0    0     0     0 41182 47406 19  6 74  0  0  0 2026-09-21 16:39:04
 0  0      0 6250528  34632 825588    0    0     0     0 44680 52848 18  6 76  0  0  0 2026-09-21 16:39:05
 0  0      0 6249520  34632 825604    0    0     0     4 46939 56002 18  7 76  0  0  0 2026-09-21 16:39:06
 3  0      0 6246768  34632 825604    0    0     0     0 47798 58854 18  7 75  0  0  0 2026-09-21 16:39:07
 1  0      0 6209468  34632 825644    0    0     0     0 47044 54680 21  7 72  0  0  0 2026-09-21 16:39:08
 1  0      0 6207452  34632 825644    0    0     0     0 46920 57452 17  6 77  0  0  0 2026-09-21 16:39:09
 0  0      0 6205940  34632 825644    0    0     0     0 52436 64838 19  7 74  0  0  0 2026-09-21 16:39:10
 1  0      0 6202916  34632 825644    0    0     0     0 50496 60499 19  8 73  0  0  0 2026-09-21 16:39:11
 1  0      0 6181500  34632 825644    0    0     0     0 47632 54816 23  7 69  0  0  0 2026-09-21 16:39:12
 3  0      0 6178476  34632 825692    0    0     0     0 48910 58268 19  8 73  0  0  0 2026-09-21 16:39:13
 0  0      0 6176508  34632 825700    0    0     0    12 51046 62436 19  7 73  0  0  0 2026-09-21 16:39:14
 0  0      0 6175500  34640 825708    0    0     0    76 51127 61276 19  8 73  0  0  0 2026-09-21 16:39:15
 0  0      0 6144712  34640 825708    0    0     0     0 48822 56008 20  7 72  0  0  0 2026-09-21 16:39:16
 0  0      0 6136188  34640 825760    0    0     0     0 46086 51785 23  8 70  0  0  0 2026-09-21 16:39:17
 0  0      0 6135684  34640 825776    0    0     0     0 47137 54915 18  8 73  0  0  0 2026-09-21 16:39:18
 2  0      0 6135684  34640 825784    0    0     0     8 52455 64438 19  7 74  0  0  0 2026-09-21 16:39:19
procs -----------memory---------- ---swap-- -----io---- -system-- -------cpu------- -----timestamp-----
 r  b   swpd   free   buff  cache   si   so    bi    bo   in   cs us sy id wa st gu                 UTC
 3  0      0 6133696  34640 825784    0    0     0     0 51724 61818 19  7 73  0  0  0 2026-09-21 16:39:20
 0  0      0 6111852  34640 825784    0    0     0     0 35916 41223 11  5 84  0  0  0 2026-09-21 16:39:21
 0  0      0 6092620  34640 825784    0    0     0     0 34015 37528 17  5 78  0  0  0 2026-09-21 16:39:22
 0  0      0 6092368  34640 825784    0    0     0     0 35870 43032 12  5 84  0  0  0 2026-09-21 16:39:23
 2  0      0 6092144  34640 825784    0    0     0     0 32503 36964 11  4 85  0  0  0 2026-09-21 16:39:24
 0  0      0 6755368  34640 825052    0    0     0     0 32669 36999 11  6 83  0  0  0 2026-09-21 16:39:25
