procs -----------memory---------- ---swap-- -----io---- -system-- -------cpu------- -----timestamp-----
 r  b   swpd   free   buff  cache   si   so    bi    bo   in   cs us sy id wa st gu                 UTC
 2  0      0 2034692  84664 855436    0    0  1078  6867 7915   44 22  6 66  6  0  0 2026-09-21 18:46:15
 0  0      0 2034988  84664 855388    0    0     0     0  373  591  1  1 99  0  0  0 2026-09-21 18:46:16
 0  2      0 2125684  84728 728564    0    0     0  9056 4034 7541  7  3 65 26  0  0 2026-09-21 18:46:17
 0  2      0 2102968  84788 753572    0    0     0 43868 4569 9333 17  3 42 39  0  0 2026-09-21 18:46:18
 0  2      0 2096204  84800 753732    0    0     0  3344 2898 4139 12  1 82  5  0  0 2026-09-21 18:46:19
 0  1      0 2096204  84816 753748    0    0     0  2032 1805 3186  1  1 94  4  0  0 2026-09-21 18:46:20
 0  0      0 2096204  84824 753744    0    0     0  1836 3145 4530  3  1 93  3  0  0 2026-09-21 18:46:21
 0  0      0 2099788  84824 753796    0    0     0  1868 2970 4689  3  2 93  3  0  0 2026-09-21 18:46:22
 0  0      0 2099788  84832 753792    0    0     0  1928 4103 5662  4  1 92  4  0  0 2026-09-21 18:46:23
 0  0      0 2100708  84844 754964    0    0     0  3140 4197 6007  5  1 90  4  0  0 2026-09-21 18:46:24
 0  0      0 2100708  84848 755060    0    0     0  2200 6097 7652  7  3 86  4  0  0 2026-09-21 18:46:25
 1  1      0 2100708  84860 755148    0    0     0  2384 6516 8116  9  3 85  4  0  0 2026-09-21 18:46:26
 0  0      0 2100708  84868 755296    0    0     0  2640 7565 9055 10  3 84  3  0  0 2026-09-21 18:46:27
 0  1      0 2100708  84876 755356    0    0     0  2728 8725 10850 13  4 79  4  0  0 2026-09-21 18:46:28
 4  2      0 2100708  84888 755600    0    0     0  6828 11212 13573 18  6 72  4  0  0 2026-09-21 18:46:29
 8  0      0 2100708  84900 755892    0    0     0  3288 12109 14157 20  7 70  4  0  0 2026-09-21 18:46:30
 0  0      0 2100708  84912 756176    0    0     0  3864 15258 17480 28  8 59  5  0  0 2026-09-21 18:46:31
 1  2      0 2092292  84920 764724    0    0     0 12552 15544 18248 29  8 57  5  0  0 2026-09-21 18:46:32
 9  1      0 2084100  84956 773168    0    0     0 15316 17774 20264 39 11 42  8  0  0 2026-09-21 18:46:33
 6  1      0 2081028  84984 776340    0    0     0 10996 17389 20286 38 11 44  7  0  0 2026-09-21 18:46:34
 1  3      0 2079780  85008 777448    0    0     0  9168 16637 18940 37 12 43  8  0  0 2026-09-21 18:46:35
procs -----------memory---------- ---swap-- -----io---- -system-- -------cpu------- -----timestamp-----
 r  b   swpd   free   buff  cache   si   so    bi    bo   in   cs us sy id wa st gu                 UTC
43  1      0 2079780  85032 777576    0    0     0  7916 15867 17846 33  9 49  9  0  0 2026-09-21 18:46:36
 2  1      0 2070412  85048 785876    0    0     0 16176 14735 16876 36  9 49  7  0  0 2026-09-21 18:46:37
44  2      0 2067636  85064 788060    0    0     0  9060 16797 19089 40 12 41  7  0  0 2026-09-21 18:46:38
 3  0      0 2067636  85096 788108    0    0     0 10232 18252 21058 55 11 29  5  0  0 2026-09-21 18:46:39
28  2      0 2059060  85112 796984    0    0     0 16396 19438 20932 57 12 24  7  0  0 2026-09-21 18:46:40
 2  0      0 2054964  85132 801240    0    0     0 12724 15140 18310 41 10 43  6  0  0 2026-09-21 18:46:41
 2  1      0 2053940  85168 802288    0    0     0  9056 17468 18688 43 10 40  7  0  0 2026-09-21 18:46:42
 2  1      0 2053940  85184 802304    0    0     0  7916 18100 20037 61 12 20  6  0  0 2026-09-21 18:46:43
15  1      0 2051892  85200 804408    0    0     0 10724 15725 17335 43 12 40  5  0  0 2026-09-21 18:46:44
 7  1      0 2049844  85224 806468    0    0     0 10468 14851 16609 41 10 43  7  0  0 2026-09-21 18:46:45
16  1      0 2049396  85256 806560    0    0     0  8564 19987 17358 68 14 15  2  0  0 2026-09-21 18:46:46
 0  1      0 2048372  85268 807644    0    0     0 11868 15997 17168 45 11 39  6  0  0 2026-09-21 18:46:47
21  0      0 2048372  85284 807660    0    0     0  9072 16074 17180 44 11 38  8  0  0 2026-09-21 18:46:48
42  2      0 2045048  85308 810816    0    0     0 16368 19113 18909 71 12 12  5  0  0 2026-09-21 18:46:49
 0  1      0 2045048  85312 810864    0    0     0 11160 14221 16586 45 11 34 10  0  0 2026-09-21 18:46:50
 0  2      0 2044024  85336 811952    0    0     0 11268 14819 15962 41 10 37 12  0  0 2026-09-21 18:46:51
 0  2      0 2043000  85352 813052    0    0     0 10412 16873 17298 55 11 26  8  0  0 2026-09-21 18:46:52
 0  1      0 2040952  85368 815168    0    0     0 13016 16677 18327 51 10 29 10  0  0 2026-09-21 18:46:53
75  0      0 2039928  85376 816236    0    0     0  9968 14496 15990 43 10 40  8  0  0 2026-09-21 18:46:54
23  0      0 2039928  85388 816252    0    0     0 10800 14716 16946 43  8 40  9  0  0 2026-09-21 18:46:55
 3  2      0 2038904  85424 817296    0    0     0 11796 16029 15211 57 11 29  4  0  0 2026-09-21 18:46:56
procs -----------memory---------- ---swap-- -----io---- -system-- -------cpu------- -----timestamp-----
 r  b   swpd   free   buff  cache   si   so    bi    bo   in   cs us sy id wa st gu                 UTC
 1  0      0 2036856  85436 819452    0    0     0 12600 15626 16443 49 10 33  8  0  0 2026-09-21 18:46:57
 7  1      0 2036856  85452 819504    0    0     0 10480 15438 16173 45  9 36  9  0  0 2026-09-21 18:46:58
49  1      0 2035832  85472 820568    0    0     0  8512 15696 14307 50 10 32  8  0  0 2026-09-21 18:47:00
 1  1      0 2034808  85484 821620    0    0     0 12864 16999 17534 51 10 29 10  0  0 2026-09-21 18:47:01
 2  1      0 2033532  85492 822672    0    0     0 10976 13785 13263 45  9 38  9  0  0 2026-09-21 18:47:02
32  0      0 2031484  85504 824788    0    0     0 11904 11337 12222 41  8 42  9  0  0 2026-09-21 18:47:03
39  0      0 2031484  85512 824788    0    0     0  9312 17044 15788 67 12 21  1  0  0 2026-09-21 18:47:04
 6  0      0 2030460  85524 825872    0    0     0 11240 11497 12790 34  7 49  9  0  0 2026-09-21 18:47:05
 3  1      0 2028412  85528 827972    0    0     0 13040 15421 16443 51  9 34  7  0  0 2026-09-21 18:47:06
24  1      0 2028412  85536 827992    0    0     0  8240 16797 14134 52 11 27 10  0  0 2026-09-21 18:47:07
67  0      0 2027388  85556 829036    0    0     0 12200 14968 15004 45 10 38  8  0  0 2026-09-21 18:47:08
24  0      0 2027388  85560 829060    0    0     0  9436 13641 12858 45 11 39  5  0  0 2026-09-21 18:47:09
 2  1      0 2023292  85580 833264    0    0     0 15840 13101 14738 42  8 40 10  0  0 2026-09-21 18:47:10
89  0      0 2023292  85604 833260    0    0     0  9168 17335 16513 47 11 31 11  0  0 2026-09-21 18:47:11
 0  1      0 2022268  85616 834312    0    0     0 10792 12678 13374 38  8 47  7  0  0 2026-09-21 18:47:12
 0  1      0 2021244  85632 835384    0    0     0 11128 14637 14744 40 10 41  8  0  0 2026-09-21 18:47:13
 0  1      0 2021244  85684 835416    0    0     0 10952 15314 15821 41 10 39 11  0  0 2026-09-21 18:47:14
 0  2      0 2016896  85696 839616    0    0     0 15276 14062 14675 38 11 38 13  0  0 2026-09-21 18:47:15
 8  1      0 2016896  85728 839620    0    0     0  9600 9747 10924 23  6 61 10  0  0 2026-09-21 18:47:16
 0  1      0 2016896  85748 839636    0    0     0 10948 17929 18182 65 13 19  3  0  0 2026-09-21 18:47:17
 0  2      0 2016896  85764 839632    0    0     0  9272 13434 14172 38  9 39 14  0  0 2026-09-21 18:47:18
procs -----------memory---------- ---swap-- -----io---- -system-- -------cpu------- -----timestamp-----
 r  b   swpd   free   buff  cache   si   so    bi    bo   in   cs us sy id wa st gu                 UTC
 1  1      0 2015872  85796 840684    0    0     0 10820 12894 13290 44  9 39  8  0  0 2026-09-21 18:47:19
 2  1      0 2005632  85820 851220    0    0     0 23300 13596 14166 47  9 31 14  0  0 2026-09-21 18:47:20
 3  0      0 2002308  85840 854372    0    0     0 13564 6191 8595 10  3 73 14  0  0 2026-09-21 18:47:21
 0  1      0 2002308  85864 854360    0    0     0  8848 1029 2069  0  1 81 17  0  0 2026-09-21 18:47:22
 0  1      0 2002308  85876 854372    0    0     0  7828  907 1832  0  1 85 15  0  0 2026-09-21 18:47:23
 0  2      0 2002308  85888 854372    0    0     0  7508  896 1787  1  1 85 15  0  0 2026-09-21 18:47:24
 0  1      0 2002308  85912 854380    0    0     0  7596  893 1795  0  1 84 14  0  0 2026-09-21 18:47:25
