procs -----------memory---------- ---swap-- -----io---- -system-- -------cpu------- -----timestamp-----
 r  b   swpd   free   buff  cache   si   so    bi    bo   in   cs us sy id wa st gu                 UTC
 1  0      0 3159416  22540 371944    0    0   643   227 17838   58 24 12 64  0  0  0 2026-09-21 18:46:16
 1  0      0 3159396  22540 371904    0    0     0     0 1155 1486  4  2 94  0  0  0 2026-09-21 18:46:17
 0  0      0 3134448  22540 371904    0    0     0    16 1161 1111  8  3 90  0  0  0 2026-09-21 18:46:18
 0  0      0 3136972  22540 371904    0    0     0     0 1099 1133  5  2 93  0  0  0 2026-09-21 18:46:19
 0  0      0 3143644  22540 371904    0    0     0     0 4034 4894  4  3 93  0  0  0 2026-09-21 18:46:20
 0  0      0 3151332  22540 371904    0    0     0     0 3048 3663  3  2 95  0  0  0 2026-09-21 18:46:21
 0  0      0 3199404  22548 371904    0    0     0   136 5852 6884  4  4 92  0  0  0 2026-09-21 18:46:22
 0  0      0 3207384  22548 371904    0    0     0     0 7733 9629  6  4 90  0  0  0 2026-09-21 18:46:23
 0  0      0 3211228  22548 371904    0    0     0     0 10139 12458  7  4 89  0  0  0 2026-09-21 18:46:24
 0  0      0 3216280  22548 371968    0    0     0     0 11458 13018  8  6 86  0  0  0 2026-09-21 18:46:25
 0  0      0 3220340  22548 371984    0    0     0     0 11063 13016  9  6 85  0  0  0 2026-09-21 18:46:26
 0  0      0 3223764  22548 372032    0    0     0  7848 13068 14514 11  7 82  1  0  0 2026-09-21 18:46:27
 3  0      0 3223516  22548 372080    0    0     0    16 19288 20706 14  8 78  0  0  0 2026-09-21 18:46:28
 1  0      0 3223516  22548 372176    0    0     0     0 21443 22658 15 11 74  0  0  0 2026-09-21 18:46:29
 1  0      0 3218736  22548 372240    0    0     0     0 25632 26269 18 13 69  0  0  0 2026-09-21 18:46:30
 5  0      0 3212440  22548 372384    0    0     0     0 29476 28948 23 15 62  0  0  0 2026-09-21 18:46:31
 4  0      0 3205636  22548 372512    0    0     0  1796 34424 33762 23 18 59  0  0  0 2026-09-21 18:46:32
 4  0      0 3195052  22548 372704    0    0     0     0 36011 34998 32 20 48  0  0  0 2026-09-21 18:46:33
 5  0      0 3190768  22548 372920    0    0     0     0 37652 35672 33 19 48  0  0  0 2026-09-21 18:46:34
 5  0      0 3176788  22548 373116    0    0     0     0 38429 31715 37 22 41  0  0  0 2026-09-21 18:46:35
 1  0      0 3168668  22548 373372    0    0     0     0 38323 32913 34 21 45  0  0  0 2026-09-21 18:46:36
procs -----------memory---------- ---swap-- -----io---- -system-- -------cpu------- -----timestamp-----
 r  b   swpd   free   buff  cache   si   so    bi    bo   in   cs us sy id wa st gu                 UTC
 1  0      0 3161868  22548 373548    0    0     0     0 35025 33087 29 19 51  0  0  0 2026-09-21 18:46:37
 4  0      0 3150808  22548 373744    0    0     0     0 36768 32261 34 21 45  0  0  0 2026-09-21 18:46:38
 3  0      0 3138028  22548 374096    0    0     0     0 39305 31204 39 22 39  0  0  0 2026-09-21 18:46:39
 4  0      0 3123164  22548 374232    0    0     0     0 34605 27820 35 18 47  0  0  0 2026-09-21 18:46:40
 1  0      0 3117900  22548 374512    0    0     0     0 35519 28145 37 21 42  0  0  0 2026-09-21 18:46:41
 4  0      0 3110356  22548 374668    0    0     0     0 36707 27852 36 21 43  0  0  0 2026-09-21 18:46:42
 3  0      0 3096580  22548 374860    0    0     0     0 37465 25741 46 22 32  0  0  0 2026-09-21 18:46:43
 5  0      0 3085876  22548 375188    0    0     0     0 36396 25444 44 21 34  0  0  0 2026-09-21 18:46:44
 3  0      0 3077032  22548 375312    0    0     0     4 36742 23944 41 23 36  0  0  0 2026-09-21 18:46:45
 1  0      0 3062724  22548 375568    0    0     0     0 35952 24263 44 22 35  0  0  0 2026-09-21 18:46:46
 5  0      0 3051192  22548 375764    0    0     0     0 39023 24985 47 23 30  0  0  0 2026-09-21 18:46:47
 3  0      0 3040932  22548 375924    0    0     0     0 36055 16740 52 22 27  0  0  0 2026-09-21 18:46:48
 5  0      0 3033380  22548 375924    0    0     0    12 38684 23714 47 24 29  0  0  0 2026-09-21 18:46:49
 3  0      0 3021484  22548 376516    0    0     0     0 37839 20384 55 22 23  0  0  0 2026-09-21 18:46:50
 4  0      0 3009908  22548 376504    0    0     0     0 36261 17370 50 24 26  0  0  0 2026-09-21 18:46:51
 4  0      0 2998340  22548 376700    0    0     0     0 39376 14811 57 25 18  0  0  0 2026-09-21 18:46:52
 5  0      0 2995356  22556 376892    0    0     0   168 36605 20940 50 23 27  0  0  0 2026-09-21 18:46:53
 3  0      0 2989084  22556 376892    0    0     0     0 35412 19761 53 22 25  0  0  0 2026-09-21 18:46:54
 3  0      0 2983600  22556 377052    0    0     0     0 38334 18080 53 24 23  0  0  0 2026-09-21 18:46:55
 2  0      0 2982112  22556 377204    0    0     0     0 38292 17534 55 23 21  0  0  0 2026-09-21 18:46:56
 3  0      0 2975308  22556 377204    0    0     0     0 37151 21662 51 19 30  0  0  0 2026-09-21 18:46:57
procs -----------memory---------- ---swap-- -----io---- -system-- -------cpu------- -----timestamp-----
 r  b   swpd   free   buff  cache   si   so    bi    bo   in   cs us sy id wa st gu                 UTC
 3  0      0 2962048  22556 377484    0    0     0     0 37688 14519 57 26 18  0  0  0 2026-09-21 18:46:58
 4  0      0 2960636  22556 377484    0    0     0     0 37213 24526 44 22 34  0  0  0 2026-09-21 18:46:59
 3  0      0 2958744  22556 377700    0    0     0     0 37131 16283 60 24 16  0  0  0 2026-09-21 18:47:00
 3  0      0 2958296  22556 377700    0    0     0     8 35533 12175 57 27 16  0  0  0 2026-09-21 18:47:01
 2  0      0 2957316  22556 377856    0    0     0     0 36968 20675 50 24 26  0  0  0 2026-09-21 18:47:02
 2  0      0 2955664  22556 378232    0    0     0     0 37174 10827 65 23 12  0  0  0 2026-09-21 18:47:03
 3  0      0 2949740  22556 378232    0    0     0     0 37193 18884 58 20 23  0  0  0 2026-09-21 18:47:04
 2  0      0 2942716  22556 378412    0    0     0     0 34941 11921 57 27 16  0  0  0 2026-09-21 18:47:05
 4  0      0 2938056  22560 378724    0    0    92  1608 34442 17969 54 26 20  0  0  0 2026-09-21 18:47:06
 3  0      0 2931960  22560 378728    0    0     0     0 36718 6731 64 28  8  0  0  0 2026-09-21 18:47:07
 2  0      0 2925192  22560 378728    0    0     0     0 37709 19133 52 23 25  0  0  0 2026-09-21 18:47:08
 1  0      0 2911584  22560 378824    0    0     0     0 33678 10518 59 26 16  0  0  0 2026-09-21 18:47:09
 3  0      0 2911332  22560 379136    0    0     0     0 37056 23677 47 21 32  0  0  0 2026-09-21 18:47:10
 0  0      0 2909120  22560 379160    0    0     0     0 37637 14027 56 26 18  0  0  0 2026-09-21 18:47:11
 2  0      0 2906132  22560 379160    0    0     0     0 38195 11786 60 26 14  0  0  0 2026-09-21 18:47:12
 2  0      0 2903176  22560 379256    0    0     0     0 36539 17295 53 24 23  0  0  0 2026-09-21 18:47:13
 2  0      0 2901404  22560 379256    0    0     0     0 36534 18414 52 24 24  0  0  0 2026-09-21 18:47:14
 2  0      0 2897584  22560 379352    0    0     0     0 33945 20159 51 20 29  0  0  0 2026-09-21 18:47:15
 2  0      0 2893048  22560 379432    0    0     0     0 36076 6816 65 28  7  0  0  0 2026-09-21 18:47:16
 2  0      0 2886272  22560 379432    0    0     0     0 32056 15584 59 20 22  0  0  0 2026-09-21 18:47:17
 2  0      0 2886252  22560 379432    0    0     0     0 37731 9178 63 26 11  0  0  0 2026-09-21 18:47:18
procs -----------memory---------- ---swap-- -----io---- -system-- -------cpu------- -----timestamp-----
 r  b   swpd   free   buff  cache   si   so    bi    bo   in   cs us sy id wa st gu                 UTC
 0  0      0 2884740  22560 379572    0    0     0     0 37317 23677 48 22 30  0  0  0 2026-09-21 18:47:19
 0  0      0 2884488  22560 379572    0    0     0    24 27036 20001 45 15 40  0  0  0 2026-09-21 18:47:20
 0  0      0 2882724  22560 379572    0    0     0     0 6394 9967  5  4 92  0  0  0 2026-09-21 18:47:21
 0  0      0 2881464  22568 379564    0    0     0    64  780  953  3  2 96  1  0  0 2026-09-21 18:47:22
 0  0      0 2881464  22568 379572    0    0     0     0  738  874  2  2 97  0  0  0 2026-09-21 18:47:23
 0  0      0 2880708  22568 379572    0    0     0     0  796  990  2  2 96  0  0  0 2026-09-21 18:47:24
 7  0      0 2877752  22568 379572    0    0     0     0 10905 10559  7  8 85  0  0  0 2026-09-21 18:47:25
