procs -----------memory---------- ---swap-- -----io---- -system-- -------cpu------- -----timestamp-----
 r  b   swpd   free   buff  cache   si   so    bi    bo   in   cs us sy id wa st gu                 UTC
 1  0      0 1511248 103836 2009596    0    0   154  2091 9283   51 23 11 66  1  0  0 2026-09-21 16:51:15
 0  0      0 1507136 103836 2009532    0    0     0   184  833 1158  6  4 90  0  0  0 2026-09-21 16:51:16
 0  0      0 1480284 103836 2009548    0    0     0  4184 1032  807  7  2 91  0  0  0 2026-09-21 16:51:17
 0  0      0 1492880 103836 2009548    0    0     0    20  805  700  7  1 93  0  0  0 2026-09-21 16:51:18
 0  0      0 1500496 103836 2009812    0    0     0     0 8829 9047 13  5 82  0  0  0 2026-09-21 16:51:19
 0  0      0 1500496 103836 2010104    0    0     0     0 5406 5775  8  3 89  0  0  0 2026-09-21 16:51:20
 5  0      0 1497684 103836 2010724    0    0     0     0 13117 14169 13  7 80  0  0  0 2026-09-21 16:51:21
 0  0      0 1496496 103836 2011500    0    0     0     0 14212 16797 16  7 77  0  0  0 2026-09-21 16:51:22
 0  0      0 1496244 103836 2012224    0    0     0  6880 14200 15738 14  9 77  0  0  0 2026-09-21 16:51:23
 2  0      0 1498444 103836 2013156    0    0     0     0 17278 19375 16 10 73  0  0  0 2026-09-21 16:51:24
 0  0      0 1496932 103836 2013976    0    0     0     0 16166 18279 17 11 72  0  0  0 2026-09-21 16:51:25
 2  0      0 1496176 103836 2014764    0    0     0     0 13702 15297 18 10 72  0  0  0 2026-09-21 16:51:26
 5  0      0 1495436 103836 2015808    0    0     0     0 18393 20065 21 11 68  0  0  0 2026-09-21 16:51:27
 2  0      0 1494452 103836 2016924    0    0     0     0 20092 20153 23 13 64  0  0  0 2026-09-21 16:51:28
 5  0      0 1494228 103836 2018112    0    0     0     0 19199 20361 24 12 64  0  0  0 2026-09-21 16:51:29
 5  0      0 1493316 103836 2019264    0    0     0     0 18762 21803 22 13 65  0  0  0 2026-09-21 16:51:30
 4  0      0 1492292 103836 2020344    0    0     0     0 19356 20304 24 13 63  0  0  0 2026-09-21 16:51:31
 1  0      0 1492196 103836 2021680    0    0     0     0 20143 20708 26 15 60  0  0  0 2026-09-21 16:51:32
 6  0      0 1492196 103836 2023008    0    0     0  3128 21233 21954 27 16 57  1  0  0 2026-09-21 16:51:33
 1  0      0 1489932 103836 2024584    0    0     0     0 24151 23110 28 17 56  0  0  0 2026-09-21 16:51:34
 1  0      0 1489456 103836 2026056    0    0     0     0 24765 23889 30 18 53  0  0  0 2026-09-21 16:51:35
procs -----------memory---------- ---swap-- -----io---- -system-- -------cpu------- -----timestamp-----
 r  b   swpd   free   buff  cache   si   so    bi    bo   in   cs us sy id wa st gu                 UTC
 6  0      0 1488952 103836 2027792    0    0     0     0 27106 25008 32 21 46  0  0  0 2026-09-21 16:51:36
 2  0      0 1486184 103836 2029440    0    0     0     0 25913 24240 34 21 45  0  0  0 2026-09-21 16:51:37
 1  0      0 1481900 103836 2031284    0    0     0     0 29332 26019 37 22 41  0  0  0 2026-09-21 16:51:38
 8  0      0 1477844 103836 2033392    0    0     0     0 30878 28051 45 25 30  0  0  0 2026-09-21 16:51:39
 6  0      0 1473336 103836 2035980    0    0     0     0 32047 27243 41 28 31  0  0  0 2026-09-21 16:51:40
 4  0      0 1467804 103836 2038728    0    0     0     0 34818 26845 50 32 18  0  0  0 2026-09-21 16:51:41
 5  0      0 1462848 103836 2041456    0    0     0     0 33035 27551 52 32 16  0  0  0 2026-09-21 16:51:42
 1  0      0 1456720 103836 2044720    0    0     0     0 34801 23910 54 34 12  0  0  0 2026-09-21 16:51:43
 6  0      0 1449104 103836 2048192    0    0     0     0 32367 14944 62 35  4  0  0  0 2026-09-21 16:51:44
 7  0      0 1440592 103836 2051652    0    0     0     4 33904 18533 59 35  6  0  0  0 2026-09-21 16:51:45
 6  0      0 1435568 103836 2055304    0    0     0    72 34720 11511 64 35  2  0  0  0 2026-09-21 16:51:46
 6  0      0 1428480 103836 2059064    0    0     0     0 33391 13705 63 34  3  0  0  0 2026-09-21 16:51:47
 6  0      0 1420632 103836 2062604    0    0     0    20 34099 11837 62 36  2  0  0  0 2026-09-21 16:51:48
 7  0      0 1412640 103836 2066088    0    0     0     0 31110 10521 61 36  3  0  0  0 2026-09-21 16:51:49
 5  0      0 1408096 103836 2069772    0    0     0   160 31593 10526 63 35  2  0  0  0 2026-09-21 16:51:50
 7  0      0 1402808 103836 2073296    0    0     0     0 31187 9613 61 37  2  0  0  0 2026-09-21 16:51:51
 5  0      0 1399060 103836 2076904    0    0     0     0 33110 7642 63 35  2  0  0  0 2026-09-21 16:51:52
 5  0      0 1390768 103836 2080424    0    0     0     0 30748 8484 65 34  2  0  0  0 2026-09-21 16:51:53
 4  0      0 1386412 103840 2084056    0    0     0 67784 31378 8639 63 36  1  0  0  0 2026-09-21 16:51:54
 5  0      0 1378732 103840 2087536    0    0     0     4 31961 10427 64 34  3  0  0  0 2026-09-21 16:51:55
 7  0      0 1375392 103840 2091224    0    0     0     0 31559 10903 62 37  2  0  0  0 2026-09-21 16:51:56
procs -----------memory---------- ---swap-- -----io---- -system-- -------cpu------- -----timestamp-----
 r  b   swpd   free   buff  cache   si   so    bi    bo   in   cs us sy id wa st gu                 UTC
 6  0      0 1369312 103840 2094628    0    0     0     0 29281 6742 67 32  1  0  0  0 2026-09-21 16:51:57
 3  0      0 1363024 103840 2098324    0    0     0     0 34917 12272 62 36  3  0  0  0 2026-09-21 16:51:58
 6  0      0 1359348 103840 2101712    0    0     0 16856 32560 12188 60 36  4  0  0  0 2026-09-21 16:51:59
 6  0      0 1353964 103840 2105204    0    0     0     0 31123 10673 61 36  3  0  0  0 2026-09-21 16:52:00
 6  0      0 1349484 103840 2108488    0    0     0     0 32509 11111 59 38  3  0  0  0 2026-09-21 16:52:01
 5  0      0 1343416 103840 2112100    0    0     0     0 31831 11463 62 34  4  0  0  0 2026-09-21 16:52:02
 7  0      0 1339384 103840 2115304    0    0     0     0 34124 12894 62 35  4  0  0  0 2026-09-21 16:52:03
 5  0      0 1333388 103840 2118496    0    0     0 16988 32925 13341 62 33  5  0  0  0 2026-09-21 16:52:04
 8  0      0 1330320 103840 2122296    0    0     0     0 32924 9486 62 37  1  0  0  0 2026-09-21 16:52:05
 6  0      0 1325032 103840 2125544    0    0     0     0 32447 11199 62 36  3  0  0  0 2026-09-21 16:52:06
 5  0      0 1322816 103840 2129092    0    0     0  2344 32210 9464 59 37  3  0  0  0 2026-09-21 16:52:07
 3  0      0 1316880 103840 2132344    0    0     0     0 30929 10841 62 34  4  0  0  0 2026-09-21 16:52:08
 4  0      0 1313636 103840 2135544    0    0     0 16784 34820 11608 62 35  3  1  0  0 2026-09-21 16:52:09
 5  0      0 1309616 103840 2138976    0    0     0     0 30847 12168 61 34  5  0  0  0 2026-09-21 16:52:10
 5  0      0 1305424 103840 2142504    0    0     0     0 32281 11083 61 36  3  0  0  0 2026-09-21 16:52:11
 6  0      0 1301340 103840 2145820    0    0     0     0 32275 12781 62 33  5  0  0  0 2026-09-21 16:52:12
 5  0      0 1297704 103840 2149088    0    0     0     0 31502 11603 61 35  4  0  0  0 2026-09-21 16:52:13
 4  0      0 1292624 103840 2152540    0    0     0 16824 32325 6372 65 33  2  0  0  0 2026-09-21 16:52:14
 5  0      0 1288064 103840 2156020    0    0     0     0 34654 11063 63 34  3  0  0  0 2026-09-21 16:52:15
 6  0      0 1284504 103840 2159824    0    0     0   104 32922 13358 59 37  4  0  0  0 2026-09-21 16:52:16
 5  0      0 1271716 103840 2163060    0    0     0     0 31404 10948 62 37  2  0  0  0 2026-09-21 16:52:17
procs -----------memory---------- ---swap-- -----io---- -system-- -------cpu------- -----timestamp-----
 r  b   swpd   free   buff  cache   si   so    bi    bo   in   cs us sy id wa st gu                 UTC
 7  0      0 1267880 103840 2166636    0    0     0     0 31509 10251 59 37  4  0  0  0 2026-09-21 16:52:18
 0  0      0 1265420 103840 2169428    0    0     0 16472 28091 15027 53 31 16  1  0  0 2026-09-21 16:52:19
 3  0      0 1265116 103840 2171748    0    0     0     0 23507 17054 40 21 39  0  0  0 2026-09-21 16:52:20
 4  0      0 1264612 103840 2173984    0    0     0     0 21769 17651 41 22 37  0  0  0 2026-09-21 16:52:21
 0  0      0 1264360 103840 2176056    0    0     0     0 20391 16165 39 21 40  0  0  0 2026-09-21 16:52:22
 6  0      0 1263100 103840 2178432    0    0     0     0 23878 19408 41 23 36  0  0  0 2026-09-21 16:52:23
