procs -----------memory---------- ---swap-- -----io---- -system-- -------cpu------- -----timestamp-----
 r  b   swpd   free   buff  cache   si   so    bi    bo   in   cs us sy id wa st gu                 UTC
 1  0      0 1464872  84528 2051392    0    0   126   608 3310   15  5  2 92  1  0  0 2026-09-21 17:24:20
 1  0      0 1464620  84528 2051360    0    0     0     0  570  772  2  1 97  0  0  0 2026-09-21 17:24:21
 0  0      0 1443284  84528 2051360    0    0     0     0  718  660  5  2 93  0  0  0 2026-09-21 17:24:22
 0  0      0 1441520  84528 2051360    0    0     0     0 1241 1415  4  1 95  0  0  0 2026-09-21 17:24:23
 0  0      0 1454048  84528 2051360    0    0     0     0 4409 5872  3  2 95  0  1  0 2026-09-21 17:24:24
 0  0      0 1462656  84528 2051360    0    0     0     0 2159 2560  2  1 97  0  0  0 2026-09-21 17:24:25
 0  0      0 1467664  84528 2051360    0    0     0     0 6124 8484  3  2 96  0  0  0 2026-09-21 17:24:26
 2  0      0 1473412  84528 2051360    0    0     0     0 7148 9294  3  3 94  0  0  0 2026-09-21 17:24:27
 2  0      0 1475620  84528 2051360    0    0     0     0 7695 9441  4  3 94  0  0  0 2026-09-21 17:24:28
 1  0      0 1477908  84528 2051360    0    0     0     0 9941 13238  4  4 92  0  0  0 2026-09-21 17:24:29
 3  0      0 1479080  84528 2051360    0    0     0     0 10269 13110  4  3 93  0  0  0 2026-09-21 17:24:30
 1  0      0 1480520  84528 2051360    0    0     0     0 10062 13067  5  3 92  0  0  0 2026-09-21 17:24:31
 1  0      0 1482260  84528 2051360    0    0     0     0 10275 12877  4  5 91  0  0  0 2026-09-21 17:24:32
 4  0      0 1482260  84528 2051408    0    0     0     0 14494 17777  7  4 89  0  0  0 2026-09-21 17:24:33
 1  0      0 1482260  84528 2051408    0    0     0 11344 17389 23076  7  6 86  1  0  0 2026-09-21 17:24:34
 1  0      0 1482524  84528 2051488    0    0     0     0 18769 24355  7  6 87  0  0  0 2026-09-21 17:24:35
 2  0      0 1480208  84528 2051520    0    0     0     0 20627 26042  8  9 83  0  0  0 2026-09-21 17:24:36
 3  0      0 1479200  84528 2051584    0    0     0     0 20143 25410 10  8 82  0  0  0 2026-09-21 17:24:37
 1  0      0 1477940  84528 2051648    0    0     0     0 24704 30889 13  9 78  0  0  0 2026-09-21 17:24:38
 1  0      0 1473404  84528 2051712    0    0     0  1864 24744 30820 14  9 77  0  0  0 2026-09-21 17:24:39
 3  0      0 1469148  84528 2051844    0    0     0     0 33330 38610 17 13 71  0  0  0 2026-09-21 17:24:40
procs -----------memory---------- ---swap-- -----io---- -system-- -------cpu------- -----timestamp-----
 r  b   swpd   free   buff  cache   si   so    bi    bo   in   cs us sy id wa st gu                 UTC
 3  0      0 1463352  84528 2051908    0    0     0     0 34338 39351 18 13 69  0  0  0 2026-09-21 17:24:41
 3  0      0 1456580  84528 2052036    0    0     0     0 35273 39587 20 14 66  0  0  0 2026-09-21 17:24:42
 1  0      0 1450292  84528 2052120    0    0     0     0 38326 43273 21 15 64  0  0  0 2026-09-21 17:24:43
 3  0      0 1444088  84528 2052316    0    0     0     0 40672 44642 26 18 56  0  0  0 2026-09-21 17:24:44
 6  0      0 1435800  84528 2052392    0    0     0     0 42814 46577 25 19 56  0  0  0 2026-09-21 17:24:45
 0  0      0 1432552  84532 2052588    0    0     0   132 43358 45663 27 19 53  0  0  0 2026-09-21 17:24:46
 2  0      0 1421284  84532 2052748    0    0     0     0 39582 41870 31 18 51  0  0  0 2026-09-21 17:24:47
 3  0      0 1412520  84532 2052852    0    0     0     0 42028 44809 27 20 52  0  0  0 2026-09-21 17:24:48
 0  0      0 1405240  84532 2052944    0    0     0     0 46083 47816 30 22 48  0  0  0 2026-09-21 17:24:49
 1  0      0 1400984  84532 2053104    0    0     0     0 41428 45067 29 18 53  0  0  0 2026-09-21 17:24:50
 3  0      0 1388556  84532 2053260    0    0     0     0 42876 44071 32 21 47  0  0  0 2026-09-21 17:24:51
 3  0      0 1379000  84532 2053416    0    0     0    16 42896 42476 37 19 44  0  0  0 2026-09-21 17:24:52
 3  0      0 1373456  84532 2053532    0    0     0     0 45492 47468 33 21 47  0  0  0 2026-09-21 17:24:53
 1  0      0 1371692  84532 2053572    0    0     0     0 42023 43030 31 18 52  0  0  0 2026-09-21 17:24:54
 2  0      0 1366000  84532 2053852    0    0     0     0 45181 43329 36 21 43  0  0  0 2026-09-21 17:24:55
 3  0      0 1357000  84532 2054012    0    0     0     0 43531 42325 36 21 43  0  0  0 2026-09-21 17:24:56
 0  0      0 1346696  84532 2054092    0    0     0     0 41248 43422 35 20 45  0  0  0 2026-09-21 17:24:57
 3  0      0 1336392  84532 2054092    0    0     0     0 41356 44192 26 20 54  0  0  0 2026-09-21 17:24:58
 3  0      0 1331676  84532 2054364    0    0     0     0 40763 37316 38 20 43  0  0  0 2026-09-21 17:24:59
 4  0      0 1331476  84532 2054504    0    0     0     0 41654 41939 36 20 45  0  0  0 2026-09-21 17:25:00
 1  0      0 1325124  84532 2054680    0    0     0     0 40066 37685 39 20 41  0  0  0 2026-09-21 17:25:01
procs -----------memory---------- ---swap-- -----io---- -system-- -------cpu------- -----timestamp-----
 r  b   swpd   free   buff  cache   si   so    bi    bo   in   cs us sy id wa st gu                 UTC
 3  0      0 1324624  84532 2054756    0    0     0     0 43910 43324 36 20 44  0  0  0 2026-09-21 17:25:02
 3  0      0 1310008  84532 2054876    0    0     0     0 41006 39866 37 21 42  0  0  0 2026-09-21 17:25:03
 3  0      0 1300432  84532 2054876    0    0     0     0 35337 38323 25 15 60  0  0  0 2026-09-21 17:25:04
 0  0      0 1297916  84532 2054916    0    0     0     0 40882 38638 38 19 43  0  0  0 2026-09-21 17:25:05
 3  0      0 1297852  84532 2055292    0    0     0     0 43820 39619 43 20 36  0  0  0 2026-09-21 17:25:06
 3  0      0 1297852  84532 2055332    0    0     0     0 42113 42492 35 19 45  0  0  0 2026-09-21 17:25:07
 2  0      0 1297600  84532 2055384    0    0     0     0 45552 44933 36 20 44  0  0  0 2026-09-21 17:25:08
 2  0      0 1275520  84532 2055444    0    0     0     0 41568 36050 45 21 34  0  0  0 2026-09-21 17:25:09
 2  0      0 1255140  84532 2055604    0    0     0  1568 42330 34811 45 21 34  0  0  0 2026-09-21 17:25:10
 2  0      0 1241192  84532 2055644    0    0     0     0 38001 38481 30 18 53  0  0  0 2026-09-21 17:25:11
 2  0      0 1240184  84532 2055640    0    0     0     0 33560 31562 37 14 49  0  0  0 2026-09-21 17:25:12
 4  0      0 1239176  84532 2055680    0    0     0     0 44343 42469 37 21 43  0  0  0 2026-09-21 17:25:13
 3  0      0 1238924  84532 2056052    0    0     0     0 41465 37603 42 21 37  0  1  0 2026-09-21 17:25:14
 2  0      0 1238924  84532 2056136    0    0     0     0 42126 44083 38 19 44  0  0  0 2026-09-21 17:25:15
 0  0      0 1238924  84540 2056128    0    0     0    52 45144 47969 31 19 49  1  0  0 2026-09-21 17:25:16
 3  0      0 1230132  84540 2056136    0    0     0   120 40818 33616 49 20 31  0  0  0 2026-09-21 17:25:17
 2  0      0 1208008  84540 2056252    0    0     0     0 41663 34988 44 20 36  0  0  0 2026-09-21 17:25:18
 0  0      0 1205500  84540 2056448    0    0     0     0 37576 26492 52 17 31  0  0  0 2026-09-21 17:25:19
 0  0      0 1205500  84540 2056448    0    0     0     0 32457 31188 39 15 46  0  0  0 2026-09-21 17:25:20
 3  0      0 1205252  84540 2056448    0    0     0     0 38194 42445 24 15 61  0  0  0 2026-09-21 17:25:21
 0  0      0 1203992  84540 2056448    0    0     0     0 43724 41715 33 21 46  0  0  0 2026-09-21 17:25:22
procs -----------memory---------- ---swap-- -----io---- -system-- -------cpu------- -----timestamp-----
 r  b   swpd   free   buff  cache   si   so    bi    bo   in   cs us sy id wa st gu                 UTC
 1  0      0 1203992  84540 2056608    0    0     0    20 41159 34813 46 22 33  0  0  0 2026-09-21 17:25:23
 0  0      0 1203528  84540 2056860    0    0     0     0 37176 35398 44 15 40  0  0  0 2026-09-21 17:25:24
 1  0      0 1178676  84540 2056924    0    0     0     0 27810 31216 26 10 64  0  0  0 2026-09-21 17:25:25
 0  0      0 1178584  84540 2056844    0    0     0     0 5323 6108  9  2 90  0  0  0 2026-09-21 17:25:26
 0  0      0 1178584  84540 2056824    0    0     0     0  715  793  2  0 98  0  0  0 2026-09-21 17:25:27
 0  0      0 1178584  84540 2056824    0    0     0     0  462  406  1  1 99  0  0  0 2026-09-21 17:25:28
 1  0      0 1170632  84540 2055016    0    0     0     0 12768 12614 13 11 76  0  0  0 2026-09-21 17:25:29
