procs -----------memory---------- ---swap-- -----io---- -system-- -------cpu------- -----timestamp-----
 r  b   swpd   free   buff  cache   si   so    bi    bo   in   cs us sy id wa st gu                 UTC
 2  0      0 1488948 103836 2008872    0    0   166  2180 9114   53 22 10 66  1  0  0 2026-09-21 16:45:58
 0  0      0 1485616 103836 2008812    0    0     0     0 1360 1565  7  4 90  0  0  0 2026-09-21 16:45:59
 1  0      0 1463440 103836 2008812    0    0     0     0  677  489  6  2 92  0  0  0 2026-09-21 16:46:00
 1  0      0 1475616 103836 2008824    0    0     0     0 1405 1320  8  1 91  0  0  0 2026-09-21 16:46:01
 0  0      0 1477828 103836 2009128    0    0     0     0 10966 11296 15  8 77  0  0  0 2026-09-21 16:46:02
 0  0      0 1484724 103836 2009408    0    0     0     0 12665 14656 11  9 80  0  0  0 2026-09-21 16:46:03
 3  0      0 1492344 103836 2009972    0    0     0     0 17791 20619 17 13 70  0  0  0 2026-09-21 16:46:04
 0  0      0 1489272 103836 2010628    0    0     0     0 19975 21964 20 16 64  0  0  0 2026-09-21 16:46:05
 1  0      0 1487520 103836 2011424    0    0     0     0 21704 24993 21 18 61  0  0  0 2026-09-21 16:46:06
 3  0      0 1484236 103836 2012224    0    0     0     0 21599 23989 23 19 57  0  0  0 2026-09-21 16:46:07
 1  0      0 1483384 103836 2012920    0    0     0     0 24809 26658 26 22 52  0  0  0 2026-09-21 16:46:08
 2  0      0 1482760 103836 2014124    0    0     0     0 27600 28042 34 26 41  0  0  0 2026-09-21 16:46:09
 4  0      0 1481384 103836 2015084    0    0     0     0 30174 30118 31 27 42  0  0  0 2026-09-21 16:46:10
 0  0      0 1480632 103836 2016308    0    0     0     0 31223 28974 34 32 34  0  0  0 2026-09-21 16:46:11
 4  0      0 1478184 103836 2017740    0    0     0     0 32234 29428 38 32 29  0  0  0 2026-09-21 16:46:12
 4  0      0 1475700 103836 2019092    0    0     0  9552 32280 30560 41 32 27  0  0  0 2026-09-21 16:46:13
 4  0      0 1475528 103836 2020524    0    0     0     0 35402 31580 42 35 23  0  0  0 2026-09-21 16:46:14
 5  0      0 1472424 103836 2022092    0    0     0  4384 33704 31606 41 38 21  0  0  0 2026-09-21 16:46:15
 3  0      0 1472356 103836 2023416    0    0     0   160 34161 30472 46 35 20  0  0  0 2026-09-21 16:46:16
 4  0      0 1467336 103836 2024656    0    0     0     0 31866 30677 40 34 26  0  0  0 2026-09-21 16:46:17
 4  0      0 1466800 103836 2026180    0    0     0  6996 32274 27919 45 36 19  1  0  0 2026-09-21 16:46:18
procs -----------memory---------- ---swap-- -----io---- -system-- -------cpu------- -----timestamp-----
 r  b   swpd   free   buff  cache   si   so    bi    bo   in   cs us sy id wa st gu                 UTC
 7  0      0 1466804 103836 2027472    0    0     0    12 33669 29399 44 38 18  0  0  0 2026-09-21 16:46:19
 4  0      0 1464764 103836 2028952    0    0     0     0 33533 26561 47 37 17  0  0  0 2026-09-21 16:46:20
 4  0      0 1464460 103836 2030368    0    0     0     0 34930 27093 44 38 18  0  0  0 2026-09-21 16:46:21
 1  0      0 1461452 103836 2031880    0    0     0     0 34135 25121 50 37 13  0  0  0 2026-09-21 16:46:22
 4  0      0 1459992 103836 2033524    0    0     0  7232 34731 25813 49 37 14  0  0  0 2026-09-21 16:46:23
 4  0      0 1458932 103836 2035044    0    0     0     0 33469 22895 50 40 11  0  0  0 2026-09-21 16:46:24
 8  0      0 1454904 103836 2036668    0    0     0  7192 32293 21008 50 40 10  0  0  0 2026-09-21 16:46:25
 4  0      0 1454908 103836 2038192    0    0     0     0 34381 24258 47 39 14  0  0  0 2026-09-21 16:46:26
 5  0      0 1451884 103836 2039760    0    0     0     0 31652 18742 53 38 10  0  0  0 2026-09-21 16:46:27
 5  0      0 1451380 103836 2041452    0    0     0     0 33729 21893 48 42 10  0  0  0 2026-09-21 16:46:28
 4  0      0 1448864 103836 2043376    0    0     0    20 33161 19386 53 40  7  0  0  0 2026-09-21 16:46:29
 4  0      0 1447196 103836 2044952    0    0     0     0 34720 21199 49 40 11  0  0  0 2026-09-21 16:46:30
 0  0      0 1442980 103836 2046856    0    0     0     4 34503 16499 52 42  6  0  0  0 2026-09-21 16:46:31
 5  0      0 1440964 103836 2048780    0    0     0    20 32012 19728 49 43  8  0  0  0 2026-09-21 16:46:32
 9  0      0 1437488 103836 2050520    0    0     0     0 33369 15401 52 43  5  0  0  0 2026-09-21 16:46:33
 4  0      0 1436428 103836 2052332    0    0     0     0 32364 15616 52 41  7  0  0  0 2026-09-21 16:46:34
 4  0      0 1435724 103836 2054192    0    0     0     0 32120 12497 50 45  5  0  0  0 2026-09-21 16:46:35
 4  0      0 1430916 103836 2055920    0    0     0     0 30582 13706 53 40  7  0  0  0 2026-09-21 16:46:36
 5  0      0 1430160 103836 2057692    0    0     0     0 30828 13376 51 43  6  0  0  0 2026-09-21 16:46:37
 4  0      0 1428396 103836 2059676    0    0     0     0 31952 12989 55 42  3  0  0  0 2026-09-21 16:46:38
 5  0      0 1424288 103836 2061616    0    0     0     0 32187 11915 54 42  5  0  0  0 2026-09-21 16:46:39
procs -----------memory---------- ---swap-- -----io---- -system-- -------cpu------- -----timestamp-----
 r  b   swpd   free   buff  cache   si   so    bi    bo   in   cs us sy id wa st gu                 UTC
 6  0      0 1420508 103836 2063476    0    0     0     0 31293 16253 51 41  9  0  0  0 2026-09-21 16:46:40
 4  0      0 1418492 103836 2065416    0    0     0     0 29720 10527 53 44  4  0  0  0 2026-09-21 16:46:41
 3  0      0 1417484 103836 2067340    0    0     0     0 31869 13521 50 44  6  0  0  0 2026-09-21 16:46:42
 5  0      0 1415724 103836 2069216    0    0     0     0 29091 11388 52 43  5  0  0  0 2026-09-21 16:46:43
 4  0      0 1412696 103836 2071156    0    0     0     0 30395 11173 54 45  1  0  0  0 2026-09-21 16:46:44
 5  0      0 1410932 103836 2073060    0    0     0    68 30844 11551 55 41  5  0  0  0 2026-09-21 16:46:45
 4  0      0 1408164 103836 2074816    0    0     0     0 28199 10374 52 42  6  0  0  0 2026-09-21 16:46:46
 6  0      0 1405900 103836 2076784    0    0     0     0 29993 10864 52 44  5  0  0  0 2026-09-21 16:46:47
 6  0      0 1404384 103836 2078680    0    0     0     0 28416 12131 52 44  4  0  0  0 2026-09-21 16:46:48
 5  0      0 1402168 103836 2080568    0    0     0     0 28719 10421 53 44  4  0  0  0 2026-09-21 16:46:49
 5  0      0 1400112 103836 2082512    0    0     0     0 30292 9098 53 45  3  0  0  0 2026-09-21 16:46:50
 4  0      0 1396836 103836 2084280    0    0     0     0 31484 11969 53 43  4  0  0  0 2026-09-21 16:46:51
 5  0      0 1395576 103836 2086208    0    0     0     0 29675 9665 54 43  3  0  0  0 2026-09-21 16:46:52
 4  0      0 1392548 103836 2088160    0    0     0     0 29748 9443 56 42  2  0  0  0 2026-09-21 16:46:53
 4  0      0 1389780 103836 2090056    0    0     0 55076 30886 9601 51 46  3  1  0  0 2026-09-21 16:46:54
 5  0      0 1389528 103836 2091948    0    0     0     0 27100 8709 56 42  3  0  0  0 2026-09-21 16:46:55
 4  0      0 1385496 103836 2093988    0    0     0     0 29329 7992 56 42  2  0  0  0 2026-09-21 16:46:56
 3  0      0 1384236 103836 2095928    0    0     0     0 29978 9282 54 44  2  0  0  0 2026-09-21 16:46:57
 4  0      0 1380960 103836 2097856    0    0     0     0 29154 9731 54 43  3  0  0  0 2026-09-21 16:46:58
 5  0      0 1377936 103836 2099712    0    0     0  9356 29014 7837 55 43  2  0  0  0 2026-09-21 16:46:59
 4  0      0 1377180 103836 2101904    0    0     0  2280 28038 8845 54 44  2  0  0  0 2026-09-21 16:47:00
procs -----------memory---------- ---swap-- -----io---- -system-- -------cpu------- -----timestamp-----
 r  b   swpd   free   buff  cache   si   so    bi    bo   in   cs us sy id wa st gu                 UTC
 4  0      0 1376172 103836 2103728    0    0     0     0 28464 8198 58 41  2  0  0  0 2026-09-21 16:47:01
 0  0      0 1372896 103836 2105364    0    0     0     0 25929 13034 47 38 15  0  0  0 2026-09-21 16:47:02
 4  0      0 1370124 103836 2106804    0    0     0    28 20816 19483 41 33 26  0  0  0 2026-09-21 16:47:03
 3  0      0 1370124 103836 2108140    0    0     0  8548 20410 18904 40 34 26  0  0  0 2026-09-21 16:47:04
 5  0      0 1370124 103836 2109564    0    0     0     0 18714 18813 34 36 30  0  0  0 2026-09-21 16:47:05
 3  0      0 1370124 103836 2111024    0    0     0     0 19020 18931 37 37 26  0  0  0 2026-09-21 16:47:06
