procs -----------memory---------- ---swap-- -----io---- -system-- -------cpu------- -----timestamp-----
 r  b   swpd   free   buff  cache   si   so    bi    bo   in   cs us sy id wa st gu                 UTC
 2  0      0 1490792  84088 2047468    0    0   198   801  437    2  4  1 94  1  0  0 2026-09-21 16:45:58
 0  0      0 1494048  84088 2047456    0    0     0     0  214  229  0  1 100  0  0  0 2026-09-21 16:45:59
 0  0      0 1496836  84088 2047456    0    0     0     0   41   54  0  0 100  0  0  0 2026-09-21 16:46:00
 0  0      0 1499276  84088 2047456    0    0     0     0   46   55  0  0 100  0  0  0 2026-09-21 16:46:01
 0  0      0 1500444  84088 2047456    0    0     0     0  120  132  0  1 100  0  0  0 2026-09-21 16:46:02
 0  0      0 1502340  84088 2047456    0    0     0     0   45   43  0  0 100  0  0  0 2026-09-21 16:46:03
 0  0      0 1503996  84088 2047456    0    0     0     0   25   40  0  0 100  0  0  0 2026-09-21 16:46:04
 0  0      0 1505448  84088 2047456    0    0     0     0   26   40  0  0 100  0  0  0 2026-09-21 16:46:05
 0  0      0 1506268  84088 2047456    0    0     0     0   34   46  0  0 100  0  0  0 2026-09-21 16:46:06
 0  0      0 1506268  84088 2047456    0    0     0     0   41   49  0  0 100  0  0  0 2026-09-21 16:46:07
 0  0      0 1506268  84088 2047456    0    0     0     0   29   42  0  0 100  0  0  0 2026-09-21 16:46:08
 0  0      0 1506268  84088 2047456    0    0     0     0   28   32  0  0 100  0  0  0 2026-09-21 16:46:09
 0  0      0 1506268  84088 2047456    0    0     0     0   33   58  0  0 100  0  0  0 2026-09-21 16:46:10
 0  0      0 1506268  84088 2047456    0    0     0     0   38   46  0  1 100  0  0  0 2026-09-21 16:46:11
 0  0      0 1506268  84088 2047456    0    0     0     0   29   41  0  0 100  0  0  0 2026-09-21 16:46:12
 0  0      0 1506268  84088 2047456    0    0     0     0   28   37  0  0 100  0  0  0 2026-09-21 16:46:13
 0  0      0 1506268  84088 2047456    0    0     0     0   28   37  0  0 100  0  0  0 2026-09-21 16:46:14
 0  0      0 1506268  84088 2047456    0    0     0     0   49   49  0  0 100  0  0  0 2026-09-21 16:46:15
 1  0      0 1506268  84088 2047456    0    0     0     0   30   36  0  0 100  0  0  0 2026-09-21 16:46:16
 2  0      0 1506268  84088 2047456    0    0     0     0   33   44  0  0 100  0  0  0 2026-09-21 16:46:17
 1  0      0 1506268  84088 2047456    0    0     0     0   41   51  0  0 100  0  0  0 2026-09-21 16:46:18
procs -----------memory---------- ---swap-- -----io---- -system-- -------cpu------- -----timestamp-----
 r  b   swpd   free   buff  cache   si   so    bi    bo   in   cs us sy id wa st gu                 UTC
 1  0      0 1506268  84088 2047456    0    0     0     0   34   40  0  0 100  0  0  0 2026-09-21 16:46:19
 2  0      0 1506268  84088 2047456    0    0     0     0   31   39  0  0 99  0  0  0 2026-09-21 16:46:20
 2  0      0 1506268  84088 2047456    0    0     0     0   31   41  0  0 100  0  0  0 2026-09-21 16:46:21
 2  0      0 1506268  84088 2047456    0    0     0     0   35   49  0  0 100  0  0  0 2026-09-21 16:46:22
 1  0      0 1506268  84088 2047456    0    0     0     0   52   64  0  0 100  0  0  0 2026-09-21 16:46:23
 1  0      0 1506268  84088 2047456    0    0     0     0   21   35  0  0 100  0  0  0 2026-09-21 16:46:24
 1  0      0 1506268  84096 2047456    0    0     0   128   34   51  0  0 100  1  0  0 2026-09-21 16:46:25
 1  0      0 1506268  84096 2047456    0    0     0     0   31   43  0  0 100  0  0  0 2026-09-21 16:46:26
 2  0      0 1506520  84096 2047456    0    0     0  9156  119  147  0  0 99  1  0  0 2026-09-21 16:46:27
 1  0      0 1506520  84096 2047456    0    0     0     0   31   44  0  0 100  0  0  0 2026-09-21 16:46:28
 1  0      0 1506520  84096 2047456    0    0     0     0   32   39  0  0 100  0  0  0 2026-09-21 16:46:29
 1  0      0 1506520  84096 2047456    0    0     0     8   37   50  0  0 100  0  0  0 2026-09-21 16:46:30
 0  0      0 1506520  84096 2047456    0    0     0     0   43   51  0  0 100  0  0  0 2026-09-21 16:46:31
 0  0      0 1506520  84096 2047456    0    0     0     0   27   39  0  0 100  0  0  0 2026-09-21 16:46:32
 0  0      0 1506520  84096 2047460    0    0     0     0   25   37  0  0 100  0  0  0 2026-09-21 16:46:33
 0  0      0 1506520  84096 2047460    0    0     0     0   41   49  0  0 100  0  0  0 2026-09-21 16:46:34
 0  0      0 1506520  84096 2047460    0    0     0     0   38   42  0  0 100  0  0  0 2026-09-21 16:46:35
 0  0      0 1506520  84096 2047460    0    0     0     0   31   40  0  0 100  0  0  0 2026-09-21 16:46:36
 0  0      0 1506520  84096 2047464    0    0     0     0   43   55  0  0 100  0  0  0 2026-09-21 16:46:37
 0  0      0 1506520  84096 2047464    0    0     0     0   34   44  0  0 100  0  0  0 2026-09-21 16:46:38
 0  0      0 1506520  84096 2047464    0    0     0     0   48   49  0  0 100  0  0  0 2026-09-21 16:46:39
procs -----------memory---------- ---swap-- -----io---- -system-- -------cpu------- -----timestamp-----
 r  b   swpd   free   buff  cache   si   so    bi    bo   in   cs us sy id wa st gu                 UTC
 0  0      0 1506520  84096 2047464    0    0     0     0   33   36  0  0 100  0  0  0 2026-09-21 16:46:40
 0  0      0 1506520  84096 2047464    0    0     0     0   29   39  0  0 100  0  0  0 2026-09-21 16:46:41
 0  0      0 1506520  84096 2047464    0    0     0     0   29   39  0  0 100  0  0  0 2026-09-21 16:46:42
 0  0      0 1506520  84096 2047464    0    0     0     0   40   45  0  0 100  0  0  0 2026-09-21 16:46:43
 0  0      0 1506520  84096 2047464    0    0     0     0   30   41  0  0 100  0  0  0 2026-09-21 16:46:44
 0  0      0 1506520  84096 2047464    0    0     0     0   32   41  0  0 100  0  0  0 2026-09-21 16:46:45
 0  0      0 1506520  84096 2047464    0    0     0     0   30   40  0  0 99  0  0  0 2026-09-21 16:46:46
 0  0      0 1506520  84096 2047464    0    0     0     0   39   41  0  0 100  0  0  0 2026-09-21 16:46:47
 0  0      0 1506520  84096 2047464    0    0     0     0   28   39  0  0 100  0  0  0 2026-09-21 16:46:48
 0  0      0 1506520  84096 2047464    0    0     0     0   30   37  0  0 100  0  0  0 2026-09-21 16:46:49
 0  0      0 1506520  84096 2047464    0    0     0     0   44   54  0  0 100  0  0  0 2026-09-21 16:46:50
 0  0      0 1506520  84096 2047464    0    0     0     0   47   48  0  0 100  0  0  0 2026-09-21 16:46:51
 0  0      0 1506520  84096 2047464    0    0     0     0   35   41  0  0 100  0  0  0 2026-09-21 16:46:52
 0  0      0 1506520  84096 2047464    0    0     0     0   27   41  0  0 100  0  0  0 2026-09-21 16:46:53
 0  0      0 1506520  84100 2047460    0    0     0    44   35   51  0  0 100  0  0  0 2026-09-21 16:46:54
 0  0      0 1506520  84100 2047464    0    0     0     0   43   43  1  0 100  0  0  0 2026-09-21 16:46:55
 0  0      0 1506520  84100 2047464    0    0     0   120   46   46  0  0 100  0  0  0 2026-09-21 16:46:56
 0  0      0 1506520  84100 2047464    0    0     0     0   34   35  0  0 100  0  0  0 2026-09-21 16:46:57
 0  0      0 1506520  84100 2047464    0    0     0     0   32   42  0  0 100  0  0  0 2026-09-21 16:46:58
 0  0      0 1506520  84100 2047464    0    0     0     0   44   47  0  0 100  0  0  0 2026-09-21 16:46:59
 0  0      0 1506520  84100 2047464    0    0     0     0   34   45  0  0 100  0  0  0 2026-09-21 16:47:00
procs -----------memory---------- ---swap-- -----io---- -system-- -------cpu------- -----timestamp-----
 r  b   swpd   free   buff  cache   si   so    bi    bo   in   cs us sy id wa st gu                 UTC
 0  0      0 1506520  84100 2047464    0    0     0    16   46   49  0  0 100  0  0  0 2026-09-21 16:47:01
 0  0      0 1506944  84100 2047464    0    0     0     0  110  107  0  1 100  0  0  0 2026-09-21 16:47:02
 0  0      0 1506944  84100 2047464    0    0     0     0   38   41  0  0 100  0  0  0 2026-09-21 16:47:03
 0  0      0 1506944  84100 2047464    0    0     0     0   46   53  0  1 100  0  0  0 2026-09-21 16:47:04
 0  0      0 1506944  84100 2047464    0    0     0     0   43   48  0  0 100  0  0  0 2026-09-21 16:47:05
 0  0      0 1506944  84100 2047464    0    0     0     0   46   50  0  0 100  0  0  0 2026-09-21 16:47:06
 0  0      0 1477360  84100 2047472    0    0     0     4 1157 1296 14  4 82  0  0  0 2026-09-21 16:47:07
