procs -----------memory---------- ---swap-- -----io---- -system-- -------cpu------- -----timestamp-----
 r  b   swpd   free   buff  cache   si   so    bi    bo   in   cs us sy id wa st gu                 UTC
 1  0      0 1492712  84240 2049280    0    0   164   705  807    4  3  1 95  1  0  0 2026-09-21 17:00:21
 0  0      0 1490444  84240 2049256    0    0     0  1916  568  752  3  1 97  0  0  0 2026-09-21 17:00:22
 0  0      0 1466980  84240 2049256    0    0     0    16  669  538  5  2 94  0  0  0 2026-09-21 17:00:23
 2  0      0 1468920  84240 2049256    0    0     0     0 1439 1685  4  2 95  0  0  0 2026-09-21 17:00:24
 0  0      0 1478148  84240 2049256    0    0     0     0 5632 7388  3  2 95  0  0  0 2026-09-21 17:00:25
 0  0      0 1480592  84240 2049256    0    0     0     0 4354 5886  2  2 96  0  0  0 2026-09-21 17:00:26
 3  0      0 1484056  84240 2049256    0    0     0  5652 7172 10293  4  3 93  1  0  0 2026-09-21 17:00:27
 0  0      0 1485884  84240 2049256    0    0     0     0 10042 14119  4  3 93  0  0  0 2026-09-21 17:00:28
 1  0      0 1487592  84240 2049256    0    0     0     0 10334 14040  5  3 92  0  0  0 2026-09-21 17:00:29
 0  0      0 1489280  84240 2049256    0    0     0     0 10579 14456  5  4 92  0  0  0 2026-09-21 17:00:30
 3  0      0 1489280  84240 2049256    0    0     0     0 10388 14312  6  3 91  0  0  0 2026-09-21 17:00:31
 1  0      0 1491436  84240 2049256    0    0     0     0 11785 15332  6  4 91  0  0  0 2026-09-21 17:00:32
 4  0      0 1494332  84240 2049256    0    0     0     0 14769 19387  7  5 89  0  0  0 2026-09-21 17:00:33
 3  0      0 1494332  84240 2049256    0    0     0     0 15134 19895  8  5 87  0  0  0 2026-09-21 17:00:34
 2  0      0 1494332  84240 2049256    0    0     0     0 15260 20273  8  5 87  0  0  0 2026-09-21 17:00:35
 1  0      0 1494332  84240 2049256    0    0     0     0 18898 24751 10  8 82  0  0  0 2026-09-21 17:00:36
 1  0      0 1494332  84240 2049256    0    0     0     0 18961 24242 10  6 84  0  0  0 2026-09-21 17:00:37
 1  0      0 1494332  84240 2049256    0    0     0    12 18520 23952 10  6 84  0  0  0 2026-09-21 17:00:38
 4  0      0 1494332  84240 2049256    0    0     0     0 20567 25401 13  7 80  0  0  0 2026-09-21 17:00:39
 1  0      0 1494332  84240 2049256    0    0     0     8 18901 21928 11  8 81  0  0  0 2026-09-21 17:00:40
 1  0      0 1494332  84240 2049260    0    0     0     0 19268 23254 13  7 80  0  0  0 2026-09-21 17:00:41
procs -----------memory---------- ---swap-- -----io---- -system-- -------cpu------- -----timestamp-----
 r  b   swpd   free   buff  cache   si   so    bi    bo   in   cs us sy id wa st gu                 UTC
 3  0      0 1494588  84240 2049260    0    0     0     0 23195 26982 14 11 74  0  0  0 2026-09-21 17:00:42
 4  0      0 1494620  84240 2049260    0    0     0    68 24187 28542 15 11 74  0  0  0 2026-09-21 17:00:43
 4  0      0 1494284  84240 2049260    0    0     0     0 25613 31200 17 11 72  0  0  0 2026-09-21 17:00:44
 1  0      0 1493732  84244 2049260    0    0     0    84 31471 35893 19 13 68  0  0  0 2026-09-21 17:00:45
 5  0      0 1492728  84244 2049260    0    0     0     0 29656 34700 20 13 67  0  0  0 2026-09-21 17:00:46
 2  0      0 1492728  84244 2049276    0    0     0     0 31788 36096 21 15 65  0  0  0 2026-09-21 17:00:47
 3  0      0 1491984  84244 2049324    0    0     0     0 33834 37883 24 15 61  0  0  0 2026-09-21 17:00:48
 4  0      0 1490032  84244 2049324    0    0     0     0 35275 37872 23 17 59  0  0  0 2026-09-21 17:00:49
 5  0      0 1486976  84244 2049324    0    0     0     0 37415 39570 27 18 55  0  0  0 2026-09-21 17:00:50
 3  0      0 1486976  84244 2049324    0    0     0     0 39505 39265 31 20 49  0  0  0 2026-09-21 17:00:51
 6  0      0 1484768  84244 2049404    0    0     0    12 40163 40096 32 23 45  0  0  0 2026-09-21 17:00:52
 1  0      0 1483788  84244 2049404    0    0     0  5480 40938 41096 34 22 44  1  0  0 2026-09-21 17:00:53
 4  0      0 1483548  84244 2049420    0    0     0     0 40480 36045 36 23 41  0  0  0 2026-09-21 17:00:54
 3  0      0 1483072  84244 2049532    0    0     0     0 40978 37943 37 23 41  0  0  0 2026-09-21 17:00:55
 3  0      0 1479796  84244 2049536    0    0     0     0 42142 37646 37 26 37  0  0  0 2026-09-21 17:00:56
 4  0      0 1478620  84244 2049536    0    0     0     0 40998 34869 39 22 39  0  0  0 2026-09-21 17:00:57
 3  0      0 1477368  84244 2049556    0    0     0     0 40999 31509 43 25 33  0  0  0 2026-09-21 17:00:58
 2  0      0 1474724  84244 2049780    0    0     0     0 38752 31987 40 22 38  0  0  0 2026-09-21 17:00:59
 3  0      0 1469404  84244 2049780    0    0     0     0 38289 25571 45 27 28  0  0  0 2026-09-21 17:01:00
 3  0      0 1467896  84244 2049780    0    0     0     0 40569 32633 38 24 37  0  0  0 2026-09-21 17:01:01
 4  0      0 1466368  84244 2049780    0    0     0     0 40746 27940 44 27 29  0  0  0 2026-09-21 17:01:02
procs -----------memory---------- ---swap-- -----io---- -system-- -------cpu------- -----timestamp-----
 r  b   swpd   free   buff  cache   si   so    bi    bo   in   cs us sy id wa st gu                 UTC
 2  0      0 1465864  84244 2049780    0    0     0     0 41171 27703 44 26 30  0  0  0 2026-09-21 17:01:03
 3  0      0 1464632  84244 2049780    0    0     0     0 42067 32051 39 25 35  0  0  0 2026-09-21 17:01:04
 2  0      0 1464144  84244 2049780    0    0     0     0 40837 26558 46 26 27  0  0  0 2026-09-21 17:01:05
 4  0      0 1462380  84244 2049780    0    0     0     0 41046 32318 41 24 35  0  0  0 2026-09-21 17:01:06
 2  0      0 1459156  84244 2049812    0    0     0     0 42765 34528 43 25 31  0  0  0 2026-09-21 17:01:07
 2  0      0 1457356  84244 2049828    0    0     0     0 40198 23624 47 27 26  0  0  0 2026-09-21 17:01:08
 3  0      0 1457104  84244 2049828    0    0     0     0 40973 29801 47 26 27  0  0  0 2026-09-21 17:01:09
 2  0      0 1457104  84244 2049828    0    0     0     0 41097 27165 46 26 28  0  0  0 2026-09-21 17:01:10
 2  0      0 1455120  84244 2049844    0    0     0     4 40026 26528 43 24 33  0  0  0 2026-09-21 17:01:11
 3  0      0 1452416  84244 2049892    0    0     0     0 40936 27278 44 25 31  0  0  0 2026-09-21 17:01:12
 2  0      0 1451424  84244 2049892    0    0     0     0 38783 24369 45 27 28  0  0  0 2026-09-21 17:01:13
 5  0      0 1450448  84244 2049892    0    0     0     0 40992 27998 46 27 27  0  0  0 2026-09-21 17:01:14
 1  0      0 1449976  84252 2049896    0    0     0    48 40605 27246 44 26 29  0  0  0 2026-09-21 17:01:15
 2  0      0 1442332  84252 2050140    0    0     0    80 42866 35555 38 25 37  0  0  0 2026-09-21 17:01:16
 2  0      0 1447292  84252 2050140    0    0     0     0 41486 23094 47 25 28  0  0  0 2026-09-21 17:01:17
 5  0      0 1440796  84252 2050140    0    0     0     0 42588 29471 43 26 32  0  0  0 2026-09-21 17:01:18
 2  0      0 1438812  84252 2050140    0    0     0     0 42546 26169 45 26 29  0  0  0 2026-09-21 17:01:19
 2  0      0 1438804  84252 2050140    0    0     0     0 39227 24895 47 26 27  0  0  0 2026-09-21 17:01:20
 2  0      0 1438640  84252 2050140    0    0     0     0 40146 30688 39 25 36  0  0  0 2026-09-21 17:01:21
 2  0      0 1438244  84252 2050176    0    0     0     0 41068 26207 47 25 28  0  0  0 2026-09-21 17:01:22
 2  0      0 1434696  84252 2050176    0    0     0    20 40241 22744 47 28 26  0  0  0 2026-09-21 17:01:23
procs -----------memory---------- ---swap-- -----io---- -system-- -------cpu------- -----timestamp-----
 r  b   swpd   free   buff  cache   si   so    bi    bo   in   cs us sy id wa st gu                 UTC
 5  0      0 1434316  84252 2050176    0    0     0     0 42259 27264 46 26 27  0  0  0 2026-09-21 17:01:24
 3  0      0 1439548  84252 2050176    0    0     0     0 41474 33152 40 25 35  0  0  0 2026-09-21 17:01:25
 0  0      0 1442040  84252 2050176    0    0     0     0 31955 30361 28 16 56  0  0  0 2026-09-21 17:01:26
 3  0      0 1441756  84252 2050176    0    0     0  1388 29131 23892 32 17 51  0  0  0 2026-09-21 17:01:27
 3  0      0 1443404  84252 2050176    0    0     0     0 30665 23039 32 17 52  0  0  0 2026-09-21 17:01:28
 2  0      0 1443752  84252 2050176    0    0     0     0 28312 22716 32 17 51  0  0  0 2026-09-21 17:01:29
 0  0      0 1427296  84252 2050188    0    0     0     4 7243 5475 22  8 71  0  0  0 2026-09-21 17:01:30
