procs -----------memory---------- ---swap-- -----io---- -system-- -------cpu------- -----timestamp-----
 r  b   swpd   free   buff  cache   si   so    bi    bo   in   cs us sy id wa st gu                 UTC
 1  0      0 1447080  84872 2053812    0    0    99   542 5239   25  6  3 90  0  0  0 2026-09-21 17:53:59
 1  0      0 1447080  84872 2053756    0    0     0     0  597  829  2  1 97  0  0  0 2026-09-21 17:54:00
 0  0      0 1441088  84872 2053756    0    0     0     0  695  630  6  2 93  0  0  0 2026-09-21 17:54:01
 0  0      0 1446976  84888 2053760    0    0     0 13568 1449 1327  4  1 93  2  0  0 2026-09-21 17:54:02
 0  0      0 1447204  84896 2053760    0    0     0    32 4236 5871  2  2 96  0  0  0 2026-09-21 17:54:03
 0  0      0 1452044  84896 2053760    0    0     0     0 2703 3218  2  2 97  0  0  0 2026-09-21 17:54:04
 0  0      0 1467256  84896 2053760    0    0     0     0 5343 6290  2  3 95  0  0  0 2026-09-21 17:54:05
 0  0      0 1477276  84896 2053744    0    0     0   812 5330 6161  3  2 95  0  0  0 2026-09-21 17:54:06
 0  0      0 1478424  84896 2053744    0    0     0     0 7322 9368  4  3 93  0  0  0 2026-09-21 17:54:07
 0  0      0 1477920  84896 2053744    0    0     0     0 7321 8482  4  3 93  0  0  0 2026-09-21 17:54:08
 1  0      0 1478772  84896 2053748    0    0     0     0 8749 10601  4  3 93  0  0  0 2026-09-21 17:54:09
 0  0      0 1479604  84896 2053796    0    0     0     0 11113 12883  5  5 90  0  0  0 2026-09-21 17:54:10
 0  0      0 1479136  84896 2053812    0    0     0     0 13054 15430  7  5 89  0  0  0 2026-09-21 17:54:11
 3  0      0 1478628  84896 2053860    0    0     0     0 14558 16842  8  5 87  0  0  0 2026-09-21 17:54:12
 1  0      0 1477900  84896 2053940    0    0     0     0 16069 18326  9  6 85  0  0  0 2026-09-21 17:54:13
 1  0      0 1475456  84896 2054036    0    0     0     0 21520 24074 12  9 79  0  0  0 2026-09-21 17:54:14
 2  0      0 1470652  84896 2054116    0    0     0     0 19950 22887 12  9 79  0  0  0 2026-09-21 17:54:15
 1  0      0 1464144  84896 2054212    0    0     0     0 24324 27007 18 10 72  0  0  0 2026-09-21 17:54:16
 1  0      0 1456892  84896 2054340    0    0     0     0 32003 34954 19 12 69  0  0  0 2026-09-21 17:54:17
 5  0      0 1451180  84896 2054472    0    0     0     0 33928 35385 24 14 62  0  0  0 2026-09-21 17:54:18
 3  0      0 1442952  84896 2054616    0    0     0     0 38107 41697 24 17 59  0  0  0 2026-09-21 17:54:19
procs -----------memory---------- ---swap-- -----io---- -system-- -------cpu------- -----timestamp-----
 r  b   swpd   free   buff  cache   si   so    bi    bo   in   cs us sy id wa st gu                 UTC
 4  0      0 1431384  84896 2054852    0    0     0     0 39061 40207 28 18 53  0  0  0 2026-09-21 17:54:20
 3  0      0 1421864  84896 2054992    0    0     0     0 40383 40568 31 18 51  0  0  0 2026-09-21 17:54:21
 1  0      0 1413392  84896 2055204    0    0     0     0 45089 43859 32 21 47  0  0  0 2026-09-21 17:54:22
 4  0      0 1403844  84896 2055380    0    0     0     0 41579 42972 33 20 46  0  0  0 2026-09-21 17:54:23
 4  0      0 1385368  84896 2055600    0    0     0     0 40131 37902 35 20 44  0  0  0 2026-09-21 17:54:24
 2  0      0 1381064  84896 2055808    0    0     0     0 43351 40705 38 21 41  0  0  0 2026-09-21 17:54:25
 3  0      0 1373588  84896 2056012    0    0     0   104 40844 36795 39 18 43  0  0  0 2026-09-21 17:54:26
 2  0      0 1360308  84896 2056204    0    0     0  2180 41234 38969 37 21 42  0  0  0 2026-09-21 17:54:27
 3  0      0 1346212  84896 2056380    0    0     0    28 38916 34366 40 20 40  0  0  0 2026-09-21 17:54:28
 4  0      0 1332956  84896 2056560    0    0     0     0 40307 38296 37 20 43  0  0  0 2026-09-21 17:54:29
 5  0      0 1329348  84896 2056696    0    0     0     0 42928 37181 39 20 41  0  0  0 2026-09-21 17:54:30
 3  0      0 1327584  84896 2056968    0    0     0    16 43524 35669 44 21 36  0  0  0 2026-09-21 17:54:31
 3  0      0 1314480  84896 2057012    0    0     0     0 35972 30404 43 19 38  0  0  0 2026-09-21 17:54:32
 4  0      0 1295424  84900 2057356    0    0     0    52 44522 42284 36 22 42  0  0  0 2026-09-21 17:54:33
 3  0      0 1279964  84900 2057484    0    0     0     0 36277 25634 51 18 31  0  0  0 2026-09-21 17:54:34
 4  0      0 1255520  84900 2057512    0    0     0     0 34347 23255 49 17 34  0  0  0 2026-09-21 17:54:35
 3  0      0 1254956  84900 2057880    0    0     0     0 41684 34036 44 19 37  0  0  0 2026-09-21 17:54:36
 2  0      0 1253700  84900 2057904    0    0     0     0 40834 25708 54 20 26  0  1  0 2026-09-21 17:54:37
 3  0      0 1252440  84900 2058004    0    0     0     0 36331 27124 49 18 34  0  0  0 2026-09-21 17:54:38
 2  0      0 1252440  84900 2058388    0    0     0     0 37621 30471 46 21 33  0  0  0 2026-09-21 17:54:39
 3  0      0 1251740  84900 2058388    0    0     0     0 38908 25775 54 17 29  0  0  0 2026-09-21 17:54:40
procs -----------memory---------- ---swap-- -----io---- -system-- -------cpu------- -----timestamp-----
 r  b   swpd   free   buff  cache   si   so    bi    bo   in   cs us sy id wa st gu                 UTC
 2  0      0 1249168  84900 2058728    0    0     0     0 36735 23262 56 20 23  0  0  0 2026-09-21 17:54:41
 3  0      0 1244884  84900 2058804    0    0     0  2028 40339 28031 52 21 26  0  0  0 2026-09-21 17:54:42
 2  0      0 1244180  84900 2058804    0    0     0     0 37499 24067 53 20 27  0  0  0 2026-09-21 17:54:43
 4  0      0 1241860  84900 2058924    0    0     0     0 36059 21204 62 19 19  0  0  0 2026-09-21 17:54:44
 2  0      0 1209632  84900 2059136    0    0     0     0 44070 43577 29 22 49  0  0  0 2026-09-21 17:54:45
 3  0      0 1160496  84900 2059136    0    0     0     0 27915 14104 59 16 25  0  0  0 2026-09-21 17:54:46
 2  0      0 1136924  84900 2059432    0    0     0     0 33660 14068 64 21 15  0  0  0 2026-09-21 17:54:47
 2  0      0 1136076  84900 2059724    0    0     0     0 37257 21173 55 20 24  0  0  0 2026-09-21 17:54:48
 4  0      0 1136076  84900 2059824    0    0     0     0 39020 27290 52 21 27  0  0  0 2026-09-21 17:54:49
 3  0      0 1135836  84900 2060040    0    0     0     0 36791 17440 61 21 18  0  0  0 2026-09-21 17:54:50
 0  0      0 1135836  84900 2060044    0    0     0     0 34482 14044 65 19 16  0  0  0 2026-09-21 17:54:51
 2  0      0 1113720  84900 2060084    0    0     0     0 32726 12186 72 17 11  0  0  0 2026-09-21 17:54:52
 0  0      0 1113228  84900 2060316    0    0     0     0 37841 31451 42 19 39  0  0  0 2026-09-21 17:54:53
 2  0      0 1059804  84900 2060320    0    0     0     0 31140 11841 68 17 15  0  0  0 2026-09-21 17:54:54
 1  0      0 1059312  84900 2060652    0    0     0     0 38134 27644 48 18 34  0  0  0 2026-09-21 17:54:55
 2  0      0 997528  84900 2060652    0    0     0     0 32279 8499 69 20 11  0  0  0 2026-09-21 17:54:56
 2  0      0 996712  84900 2060772    0    0     0     0 35956 18205 60 20 21  0  0  0 2026-09-21 17:54:57
 1  0      0 996444  84900 2060852    0    0     0     0 34488 17838 69 15 16  0  0  0 2026-09-21 17:54:58
 2  0      0 994732  84900 2060908    0    0     0     0 38744 30335 47 20 33  0  0  0 2026-09-21 17:54:59
 2  0      0 994008  84900 2061012    0    0     0     4 28235 4334 79 16  5  0  0  0 2026-09-21 17:55:00
 2  0      0 992896  84900 2061376    0    0     0     0 42790 39408 35 21 44  0  0  0 2026-09-21 17:55:01
procs -----------memory---------- ---swap-- -----io---- -system-- -------cpu------- -----timestamp-----
 r  b   swpd   free   buff  cache   si   so    bi    bo   in   cs us sy id wa st gu                 UTC
 2  0      0 955044  84900 2061384    0    0     0     0 26684 4748 74 16 10  0  0  0 2026-09-21 17:55:02
 1  0      0 955044  84904 2061384    0    0     0    72 27874 26198 40 11 48  1  0  0 2026-09-21 17:55:03
 0  0      0 955044  84904 2061384    0    0     0    48 1987  867 24  1 75  0  0  0 2026-09-21 17:55:04
 0  0      0 955044  84904 2061384    0    0     0     0  765  460  1  1 98  0  0  0 2026-09-21 17:55:05
 0  0      0 955044  84904 2061384    0    0     0     0  624  501  1  1 99  0  0  0 2026-09-21 17:55:06
 0  0      0 955044  84904 2061384    0    0     0     0  705  466  1  1 99  0  0  0 2026-09-21 17:55:07
 0  0      0 955044  84904 2061388    0    0     0     0 5958 4896  3  4 93  0  0  0 2026-09-21 17:55:08
