procs -----------memory---------- ---swap-- -----io---- -system-- -------cpu------- -----timestamp-----
 r  b   swpd   free   buff  cache   si   so    bi    bo   in   cs us sy id wa st gu                 UTC
 1  0      0 1485956  84020 2046956    0    0   216   850  464    3  4  1 94  1  0  0 2026-09-21 16:40:28
 0  0      0 1485956  84020 2046936    0    0     0     0  159  209  0  0 100  0  0  0 2026-09-21 16:40:29
 0  0      0 1488644  84020 2046936    0    0     0     0   39   57  0  0 99  0  0  0 2026-09-21 16:40:30
 0  0      0 1491904  84020 2046936    0    0     0     0   43   47  0  0 100  0  0  0 2026-09-21 16:40:31
 0  0      0 1494756  84020 2046936    0    0     0     0   39   54  0  0 100  0  0  0 2026-09-21 16:40:32
 0  0      0 1497252  84020 2046936    0    0     0  5416   71  100  0  0 100  0  0  0 2026-09-21 16:40:33
 0  0      0 1499436  84020 2046936    0    0     0     0   46   59  0  1 100  0  0  0 2026-09-21 16:40:34
 0  0      0 1501348  84020 2046936    0    0     0     0   38   45  0  0 100  0  0  0 2026-09-21 16:40:35
 0  0      0 1503020  84020 2046936    0    0     0     0   33   42  0  0 100  0  0  0 2026-09-21 16:40:36
 0  0      0 1504484  84020 2046936    0    0     0     8  101  113  0  0 100  0  0  0 2026-09-21 16:40:37
 0  0      0 1505392  84020 2046936    0    0     0     0   41   48  0  0 100  0  0  0 2026-09-21 16:40:38
 1  0      0 1505392  84020 2046936    0    0     0     0   49   58  0  0 100  0  0  0 2026-09-21 16:40:39
 1  0      0 1505392  84020 2046936    0    0     0     0   29   39  0  0 100  0  0  0 2026-09-21 16:40:40
 1  0      0 1505392  84020 2046936    0    0     0     0   32   39  0  0 100  0  0  0 2026-09-21 16:40:41
 1  0      0 1505392  84020 2046936    0    0     0     0   27   37  0  0 100  0  0  0 2026-09-21 16:40:42
 1  0      0 1505392  84020 2046936    0    0     0     0   39   49  0  0 100  0  0  0 2026-09-21 16:40:43
 1  0      0 1505392  84020 2046936    0    0     0     0   34   38  0  0 99  0  0  0 2026-09-21 16:40:44
 1  0      0 1505392  84020 2046936    0    0     0     0   29   43  0  0 100  0  0  0 2026-09-21 16:40:45
 1  0      0 1505392  84020 2046936    0    0     0     0   34   41  0  0 100  0  0  0 2026-09-21 16:40:46
 1  0      0 1505392  84020 2046936    0    0     0     4   36   46  0  0 100  0  0  0 2026-09-21 16:40:47
 1  0      0 1505392  84020 2046936    0    0     0     0   33   37  0  0 100  0  0  0 2026-09-21 16:40:48
procs -----------memory---------- ---swap-- -----io---- -system-- -------cpu------- -----timestamp-----
 r  b   swpd   free   buff  cache   si   so    bi    bo   in   cs us sy id wa st gu                 UTC
 1  0      0 1505392  84020 2046936    0    0     0     0   30   40  0  0 100  0  0  0 2026-09-21 16:40:49
 1  0      0 1505392  84020 2046936    0    0     0     0   34   42  1  0 100  0  0  0 2026-09-21 16:40:50
 1  0      0 1505392  84020 2046936    0    0     0     0   33   49  0  0 100  0  0  0 2026-09-21 16:40:51
 1  0      0 1505392  84020 2046936    0    0     0     0   26   37  0  0 100  0  0  0 2026-09-21 16:40:52
 1  0      0 1505392  84020 2046936    0    0     0     0   55   64  0  0 100  0  0  0 2026-09-21 16:40:53
 0  0      0 1505392  84020 2046936    0    0     0     0   31   44  0  0 100  0  0  0 2026-09-21 16:40:54
 0  0      0 1505392  84020 2046936    0    0     0     0   41   50  0  0 100  0  0  0 2026-09-21 16:40:55
 0  1      0 1505392  84020 2046936    0    0     0   104   30   37  0  0 100  0  0  0 2026-09-21 16:40:56
 0  0      0 1505392  84024 2046936    0    0     0     4   33   51  0  0 99  0  0  0 2026-09-21 16:40:57
 0  0      0 1505392  84024 2046936    0    0     0     0   33   45  0  0 100  0  0  0 2026-09-21 16:40:58
 0  0      0 1505392  84024 2046936    0    0     0  2120   61   63  1  0 100  0  0  0 2026-09-21 16:40:59
 0  0      0 1505392  84024 2046936    0    0     0     8   37   38  0  0 100  0  0  0 2026-09-21 16:41:00
 0  0      0 1505392  84024 2046936    0    0     0     0   28   39  0  0 100  0  0  0 2026-09-21 16:41:01
 0  0      0 1505580  84024 2046936    0    0     0     0  112  129  0  1 100  0  0  0 2026-09-21 16:41:02
 0  0      0 1505580  84024 2046940    0    0     0     0   47   49  0  0 100  0  0  0 2026-09-21 16:41:03
 0  0      0 1505580  84024 2046940    0    0     0     0   32   41  0  0 100  0  0  0 2026-09-21 16:41:04
 0  0      0 1505580  84024 2046940    0    0     0     0   25   34  0  0 100  0  0  0 2026-09-21 16:41:05
 0  0      0 1505580  84024 2046944    0    0     0     0   37   47  1  0 100  0  0  0 2026-09-21 16:41:06
 0  0      0 1505580  84024 2046944    0    0     0     0   35   46  0  0 100  0  0  0 2026-09-21 16:41:07
 0  0      0 1505580  84024 2046944    0    0     0     0   31   39  0  0 100  0  0  0 2026-09-21 16:41:08
 0  0      0 1505580  84024 2046944    0    0     0     0   44   45  0  0 100  0  0  0 2026-09-21 16:41:09
procs -----------memory---------- ---swap-- -----io---- -system-- -------cpu------- -----timestamp-----
 r  b   swpd   free   buff  cache   si   so    bi    bo   in   cs us sy id wa st gu                 UTC
 0  0      0 1505580  84024 2046944    0    0     0     0   27   39  0  0 100  0  0  0 2026-09-21 16:41:10
 0  0      0 1505580  84024 2046944    0    0     0     0   47   49  0  0 100  0  0  0 2026-09-21 16:41:11
 0  0      0 1505580  84024 2046944    0    0     0     0   28   37  0  1 100  0  0  0 2026-09-21 16:41:12
 0  0      0 1505580  84024 2046944    0    0     0     0   33   37  0  0 100  0  0  0 2026-09-21 16:41:13
 0  0      0 1505580  84024 2046944    0    0     0     0   33   43  0  0 100  0  0  0 2026-09-21 16:41:14
 0  0      0 1505580  84024 2046944    0    0     0     0   40   38  0  0 100  0  0  0 2026-09-21 16:41:15
 0  0      0 1505580  84024 2046944    0    0     0     0   34   43  0  0 100  0  0  0 2026-09-21 16:41:16
 0  0      0 1505580  84024 2046944    0    0     0     0   26   39  0  0 100  0  0  0 2026-09-21 16:41:17
 0  0      0 1505580  84024 2046944    0    0     0     0   34   44  0  0 100  0  0  0 2026-09-21 16:41:18
 0  0      0 1505580  84024 2046944    0    0     0     0   38   43  0  0 100  0  0  0 2026-09-21 16:41:19
 0  0      0 1505580  84024 2046944    0    0     0     0   25   36  0  0 100  0  0  0 2026-09-21 16:41:20
 0  0      0 1505580  84024 2046944    0    0     0     0   31   44  0  1 100  0  0  0 2026-09-21 16:41:21
 0  0      0 1505580  84024 2046944    0    0     0     0   35   46  0  0 100  0  0  0 2026-09-21 16:41:22
 0  0      0 1505580  84024 2046944    0    0     0     0   54   59  0  0 100  0  0  0 2026-09-21 16:41:23
 0  0      0 1505580  84024 2046944    0    0     0     0   30   37  0  0 100  0  0  0 2026-09-21 16:41:24
 1  0      0 1505580  84024 2046944    0    0     0     0   33   38  0  0 100  0  0  0 2026-09-21 16:41:25
 0  0      0 1505580  84028 2046940    0    0     0    48   37   54  0  1 100  0  0  0 2026-09-21 16:41:26
 0  0      0 1505580  84028 2046940    0    0     0   104   46   53  0  0 100  0  0  0 2026-09-21 16:41:27
 0  0      0 1505580  84028 2046944    0    0     0     0   47   43  0  0 100  0  0  0 2026-09-21 16:41:28
 0  0      0 1505580  84028 2046944    0    0     0     0   29   39  0  0 100  0  0  0 2026-09-21 16:41:29
 0  0      0 1505580  84028 2046944    0    0     0     0   33   40  0  0 100  0  0  0 2026-09-21 16:41:30
procs -----------memory---------- ---swap-- -----io---- -system-- -------cpu------- -----timestamp-----
 r  b   swpd   free   buff  cache   si   so    bi    bo   in   cs us sy id wa st gu                 UTC
 0  0      0 1505580  84028 2046944    0    0     0     0   45   41  0  0 100  0  0  0 2026-09-21 16:41:31
 0  0      0 1505580  84028 2046944    0    0     0    16   45   56  0  0 100  0  0  0 2026-09-21 16:41:32
 0  0      0 1505580  84028 2046944    0    0     0  1664   57   64  0  0 100  0  0  0 2026-09-21 16:41:33
 0  0      0 1505580  84028 2046944    0    0     0     0   31   41  0  0 100  0  0  0 2026-09-21 16:41:34
 0  0      0 1505580  84028 2046944    0    0     0     0   54   54  0  0 100  0  0  0 2026-09-21 16:41:35
 0  0      0 1505580  84028 2046944    0    0     0     0   23   31  0  0 100  0  0  0 2026-09-21 16:41:36
 0  0      0 1477664  84028 2046944    0    0     0     4 1003 1011 14  4 82  1  0  0 2026-09-21 16:41:37
